2017  8  3 18 24  5 963414  -11.643850  -75.367290    3575   4.2  0  0  4  6 0 0 1 0 0 0 1 0 0 0 1 1 0 0
2017  8  4 10 56 10 629729  -11.889480  -76.219180   20391  19.4  0 -1  4  6 0 0 0 0 0 0 1 1 1 0 1 0 0 0
2017  8  6 12 20 43  14033  -11.205860  -75.885240   14999   8.3  0 -2  4  6 0 0 0 0 0 0 1 1 1 0 1 0 0 0
2017  8  6 20 26 22 711569  -10.085050  -75.963870    4675  14.1  0  1  4  6 0 0 0 0 0 0 1 1 0 0 1 1 0 0
2017  8  6  5 52 50 333217  -11.273250  -75.180130   14484   9.2  0 -1  4  6 0 0 0 0 0 0 1 1 1 0 1 0 0 0
2017  8  8  9 16 46   7220  -11.583430  -75.279590   16945  14.5  0  1  4  6 0 0 0 0 0 0 1 1 1 0 1 0 0 0
2017  8  9 10 18 11  79518  -10.377940  -75.268940   14867   9.2  0  0  4  6 0 0 0 0 0 0 1 1 1 0 1 0 0 0
2017  8  9 11 15 26 877857  -10.181540  -75.425890    5276  18.0  0  2  5  9 0 0 1 0 0 0 1 1 1 0 1 0 0 0
2017  8  9 11 28 58 610987  -10.233220  -75.358980    5303   8.3  0  1  4  6 0 0 1 0 0 0 1 0 1 0 1 0 0 0
2017  8  9 11 31 57 580946  -10.035560  -75.292980    6162  17.1  0  0  4  6 0 0 1 0 0 0 1 1 0 0 1 0 0 0
2017  8  9 11 47 12 635093  -10.414670  -76.302850   17078  13.5  0  0  4  6 0 0 0 0 0 0 1 1 1 0 1 0 0 0
2017  8  9 11 53 22 322152  -10.171350  -76.560130   16871  13.2  0  3  4  6 0 0 0 0 0 0 1 1 1 0 1 0 0 0
2017  8  9 11 53 36 446371  -10.132620  -75.415700    7849  14.5  0  0  4  6 0 0 0 1 0 0 1 0 1 0 1 0 0 0
2017  8  9 11 56 59 540638  -10.052550  -75.380420    5072   1.6  0 -3  4  6 0 0 1 0 0 0 1 0 1 0 1 0 0 0
2017  8  9 12 23 42 441798  -10.324840  -75.073480    3917  14.2  0  0  5  7 0 0 1 0 0 0 1 0 1 0 1 1 0 0
2017  8  9 12 29 56 458224  -10.114410  -75.440610    5060   0.9  0  0  4  6 0 0 1 0 0 0 1 0 1 0 1 0 0 0
2017  8  9 12 46 18 933998  -10.032110  -75.076570   11160  17.4  0 -2  5 10 0 0 0 1 0 0 1 1 1 0 0 0 0 1
2017  8  9 13 24 49 767006  -10.873710  -76.886760   12213   2.6  0 -1  4  6 0 0 0 1 0 0 0 1 1 0 0 0 0 1
2017  8  9 14 31 28 153587  -11.178190  -76.008900   11932   0.8  0  3  4  6 0 0 0 1 0 0 0 1 1 0 0 0 0 1
2017  8  9 18 25 57 845894  -11.058330  -76.754810   12637  17.1  0  0  5 10 0 0 0 1 0 0 1 1 1 0 0 0 0 1
2017  8  9 19 29 22 410474  -10.121820  -75.428260   19369   8.8  0  0  4  6 0 0 0 0 0 0 1 1 1 0 0 0 0 1
2017  8  9 19 39 47  91510  -10.507480  -76.628230   33528  13.4  0 -1  4  6 0 0 0 1 0 0 1 1 1 0 0 0 0 0
2017  8  9 19 40  2 593505  -10.084310  -75.158180   22769  15.2  0 -2  4  6 0 0 0 0 0 0 1 1 1 0 0 0 0 1
2017  8  9 19 45 40 193795  -10.313390  -75.607100   12478   2.8  0 -1  4  6 0 0 0 1 0 0 1 0 1 0 0 0 0 1
2017  8  9 20 58 35 517922  -11.198650  -75.068690    5240   7.2  0  2  4  6 0 0 1 0 0 0 0 1 1 0 1 0 0 0
2017  8  9 22 29 41 769122  -10.897170  -76.558280    4806  10.6  0  1  5  8 0 0 0 1 0 0 1 1 0 0 0 1 0 1
2017  8  9 23 55  3 589590  -10.822760  -75.270480    3894   6.5  0  0  4  6 0 0 1 0 0 0 0 0 1 0 1 1 0 0
2017  8 10 18 26 56 281703  -11.088480  -76.454560   10809   3.2  0 -1  4  6 0 0 1 0 0 0 1 1 1 0 0 0 0 0
2017  8 10  9 32 35 174053  -10.468320  -76.883180   16202  10.4  0  0  4  6 0 0 0 0 0 0 1 1 1 0 1 0 0 0
2017  8 10  9 36 52  65752  -10.044780  -76.829230   18088  16.1  0  0  4  6 0 0 0 0 0 0 1 1 1 0 1 0 0 0
2017  8 10  9  6 57 340924  -10.243200  -75.627820   13583   0.5  0 -2  4  6 0 0 0 0 0 0 1 1 1 0 1 0 0 0
2017  8 11 16 45 54 103322  -11.704580  -75.330090    4516   4.5  0  1  4  6 0 0 1 0 0 0 0 1 1 0 0 0 0 1
2017  8 11 17 40 22  61683  -10.543250  -76.395200   27038  19.9  0  0  4  6 0 0 0 0 0 0 1 1 1 0 0 0 0 1
2017  8 11 18 49 40 958953  -10.183710  -75.390950   14523  12.4  0 -1  4  6 0 0 0 1 0 0 1 0 1 0 0 0 0 1
2017  8 11 18 52 21 981635  -10.282810  -75.592060   21083  11.5  0 -1  4  6 0 0 0 0 0 0 1 1 1 0 0 0 0 1
2017  8 11 18 55 33 269488  -10.231650  -76.712430   17286  14.2  0  1  4  6 0 0 0 1 0 0 1 1 0 0 0 0 0 1
2017  8 11 18  0 44 129957  -10.516630  -76.234860   19807   7.4  0 -1  4  6 0 0 0 0 0 0 1 1 1 0 0 0 0 1
2017  8 11 18  5 56 945776  -10.697720  -75.337070   22569  14.8  0 -3  4  6 0 0 0 0 0 0 1 1 1 0 0 0 0 1
2017  8 11 18  8 55 281334  -10.721500  -76.472440   11960   2.3  0  0  4  6 0 0 0 1 0 0 0 1 1 0 0 0 0 1
2017  8 11 18  9 46 738194  -10.713810  -75.794450   11939   3.7  0 -2  4  6 0 0 0 1 0 0 0 1 1 0 0 0 0 1
2017  8 11 19 11  4 268033  -10.038350  -75.247010   17138  18.6  0 -1  4  6 0 0 0 1 0 0 0 1 1 0 0 0 0 1
2017  8 11 19 21 24 280161  -10.251520  -75.837850    3368  13.9  0  1  5  9 0 0 1 1 0 0 0 0 1 0 1 1 0 0
2017  8 11 19 27 51 691929  -10.303030  -75.999570   23893  16.2  0 -2  4  6 0 0 0 0 0 0 1 1 1 0 0 0 0 1
2017  8 11 19 29 18 990918  -10.564250  -75.152600   17917   2.2  0  0  4  6 0 0 0 0 0 0 1 1 1 0 0 0 0 1
2017  8 11 19 35 52 548600  -10.345940  -75.594430   19547   8.6  0 -3  4  6 0 0 0 0 0 0 1 1 1 0 0 0 0 1
2017  8 11 19 37 38 365362  -10.187350  -75.267180   18195   4.8  0 -2  4  6 0 0 0 0 0 0 1 1 1 0 0 0 0 1
2017  8 11 20  0  2 497102  -10.310550  -75.931000    5151  16.4  0  1  5  8 0 0 1 0 0 0 1 1 1 0 0 0 0 1
2017  8 11 21 40 31 819764  -10.495580  -75.793660    4055   0.8  0  3  4  6 0 0 1 0 0 0 1 0 0 0 1 0 0 1
2017  8 11 21 43  3 527324  -10.426970  -75.994340    4876  12.1  0 -1  4  6 0 0 1 0 0 0 1 0 0 0 1 0 0 1
2017  8 11 21 55 48 685346  -10.508170  -75.769970    4601   9.8  0  0  4  6 0 0 1 0 0 0 1 0 0 0 1 0 0 1
2017  8 12 20 26 54 695718  -10.437380  -76.360230    3431   4.8  0  0  4  6 0 0 1 0 0 0 0 0 0 0 1 1 0 1
2017  8 13 10 14 31 258381  -10.464670  -75.031150    2993  16.3  0  0  6 15 0 0 1 0 0 0 1 0 1 0 1 1 0 1
2017  8 13 10 22 57 649858  -10.461390  -75.064250    3714  11.2  0 -1  5 10 0 0 1 0 0 0 1 0 1 0 1 0 0 1
2017  8 13 10 25 18 367936  -10.181410  -75.090130    5228   7.4  0  1  4  6 0 0 1 0 0 0 1 0 1 0 1 0 0 0
2017  8 13 10 35 11  29654  -10.023240  -75.270570    3017  10.5  0 -1  6 11 0 0 1 0 0 0 1 0 1 0 1 1 0 1
2017  8 13 10 56  6 435052  -10.016920  -75.101720    5234  15.4  0  0  4  6 0 0 1 0 0 0 1 0 0 0 1 0 0 1
2017  8 13 11 26 59  15076  -10.104680  -75.044720    3146  12.5  0  1  5 10 0 0 1 0 0 0 1 0 0 0 1 1 0 1
2017  8 13 11 31 36 824338  -10.089570  -75.092540    5245  15.7  0  0  4  6 0 0 1 0 0 0 1 0 0 0 1 0 0 1
2017  8 13 11 48 51  63988  -10.459150  -75.079280    3554  19.6  0  0  5 10 0 0 1 0 0 0 1 0 0 0 1 1 0 1
2017  8 13 11 54 26 672205  -10.194830  -75.060790    5196  15.4  0  0  4  6 0 0 1 0 0 0 1 0 0 0 1 0 0 1
2017  8 13 12 16 37 193964  -10.025330  -75.149090    8080   4.7  0  1  4  6 0 0 0 0 0 0 1 0 1 0 1 0 0 1
2017  8 13 12 24 53 116642  -10.179900  -75.026530    3915   7.0  0 -1  4  6 0 0 1 0 0 0 0 0 1 0 1 1 0 0
2017  8 13 12 35 16 347288  -10.188660  -75.074610    2756   1.7  0 -1  5 10 0 0 1 1 0 0 0 0 0 0 1 1 0 1
2017  8 13 12 35 17   7236  -10.128330  -75.085800    3850  13.8  0  0  5 10 0 0 1 0 0 0 1 0 1 0 1 0 0 1
2017  8 13 12 45  9 788111  -10.093560  -75.075020    4063   2.0  0 -1  4  6 0 0 1 0 0 0 1 0 0 0 1 0 0 1
2017  8 13 12 45  9 896716  -10.098350  -75.058040    4047   1.2  0  0  4  6 0 0 1 0 0 0 1 0 0 0 1 0 0 1
2017  8 13 12 47 17 575717  -10.170200  -75.006880    3494   4.8  0 -1  5 10 0 0 1 0 0 0 1 0 1 0 1 0 0 1
2017  8 13 12 49 39 179805  -10.272060  -75.135460    4430   7.2  0 -3  4  6 0 0 0 1 0 0 0 0 0 0 1 1 0 1
2017  8 13 12 49 39 209511  -10.159660  -75.050540    5469  17.5  0 -2  4  6 0 0 1 0 0 0 1 0 0 0 1 0 0 1
2017  8 13 12 49 39 551557  -10.162340  -75.038610    5303  16.3  0 -1  4  6 0 0 1 0 0 0 1 0 0 0 1 0 0 1
2017  8 13 12 53 24 358050  -10.131960  -75.118860    4044   1.0  0 -3  4  6 0 0 1 0 0 0 1 0 0 0 1 0 0 1
2017  8 13 12  0 29 339882  -10.192220  -75.201350    5101   4.0  0  1  4  6 0 0 1 0 0 0 1 0 1 0 1 0 0 0
2017  8 13 13  3 55 984167  -10.023330  -76.157730    6989   6.5  0  0  4  6 0 0 0 1 0 0 1 0 1 0 1 0 0 0
2017  8 13 14 12 19  85670  -10.169510  -75.039340    3168  19.8  0  0  6 15 0 0 1 0 0 0 1 0 1 0 1 1 0 1
2017  8 13 14 32  0 306607  -10.137030  -75.112810    3733   8.5  0 -1  5 10 0 0 1 0 0 0 1 0 1 0 1 0 0 1
2017  8 13 14  8 37 807158  -10.028760  -75.061430    3267  14.2  0  0  5 10 0 0 1 0 0 0 1 0 0 0 1 1 0 1
2017  8 13 15 29  3 655795  -10.398730  -75.026520    7888   1.2  0 -1  4  6 0 0 0 0 0 0 1 0 1 0 1 0 0 1
2017  8 13 15  7 41  77033  -10.304860  -75.097140    5026   2.4  0 -3  4  6 0 0 1 0 0 0 1 0 1 0 1 0 0 0
2017  8 13 22 42 57 213854  -10.019560  -76.630870    3206  11.7  0  0  5 10 0 0 1 0 0 0 1 0 0 0 1 1 0 1
2017  8 13 22 51  0 156123  -11.632020  -75.968170    4470   9.4  0 -2  4  6 0 0 1 1 0 0 1 0 0 0 0 0 0 1
2017  8 13 23 26 27 235154  -11.655960  -75.894350    2598   4.8  0 -1  6 15 0 0 1 1 0 0 1 0 0 0 1 1 0 1
2017  8 13 23 46 29  36613  -11.459750  -76.002310    3297   2.5  0 -1  4  6 0 0 1 0 0 0 1 0 0 0 0 1 0 1
2017  8 13 23  1 42 271387  -10.034310  -76.506810    3493  18.3  0  1  5 10 0 0 1 0 0 0 1 0 0 0 1 1 0 1
2017  8 13  6 12 18 803236  -10.147070  -75.278970    4631  12.0  0 -2  5  8 0 0 1 0 0 0 1 0 1 0 1 0 0 1
2017  8 13  6 29 19 316483  -10.270140  -75.180640    4461   6.4  0  1  4  6 0 0 1 0 0 0 0 0 1 0 1 0 0 1
2017  8 13  7 57  3  53985  -10.119180  -75.000430    2993   2.9  0  0  5  8 0 0 1 0 0 0 1 0 0 0 1 1 0 1
2017  8 13  8 28 10  60336  -10.207600  -75.109350    5104   4.1  0  0  4  6 0 0 1 0 0 0 1 0 1 0 1 0 0 0
2017  8 13  8 47 47 662896  -10.262950  -75.016090    3478   3.6  0  3  5 10 0 0 1 0 0 0 1 0 1 0 1 0 0 1
2017  8 13  8 50 58 777170  -10.088110  -75.014540    6039  16.6  0  0  4  6 0 0 1 0 0 0 1 0 1 0 1 0 0 0
2017  8 13  8 51 35 256217  -10.220680  -75.059890    5477  10.6  0 -1  4  6 0 0 1 0 0 0 1 0 1 0 1 0 0 0
2017  8 13  8 51 35 430985  -10.224870  -75.053510    5525  11.3  0  2  4  6 0 0 1 0 0 0 1 0 1 0 1 0 0 0
2017  8 13  9 16 16 432094  -10.300280  -75.089200    3487   4.2  0  2  5 10 0 0 1 0 0 0 1 0 1 0 1 0 0 1
2017  8 13  9 26 57 886574  -10.216890  -75.043310    4234   5.9  0 -3  4  6 0 0 1 0 0 0 1 0 0 0 1 0 0 1
2017  8 13  9  2 29 394643  -10.311340  -75.024950    4241  11.2  0  0  5  8 0 0 1 0 0 0 1 0 1 0 1 0 0 1
2017  8 14 14 30  9 167578  -10.026080  -75.277200    4593  18.8  0 -1  5 10 0 0 1 0 0 0 1 0 1 0 1 0 0 1
2017  8 14 16 14 27 107907  -10.267260  -75.240610    5071   3.3  0  0  4  6 0 0 1 0 0 0 1 0 1 0 1 0 0 0
2017  8 14 16 14  7 564337  -10.500200  -75.094120    3689  10.6  0  0  5 10 0 0 1 0 0 0 1 0 1 0 1 0 0 1
2017  8 14 16 14  7 572153  -10.504820  -75.083790    5614  12.7  0  0  4  6 0 0 1 0 0 0 1 0 1 0 1 0 0 0
2017  8 14 16 43 47 147923  -10.594160  -75.021090    4563  19.1  0  0  5 10 0 0 1 0 0 0 1 0 1 0 1 0 0 1
2017  8 14 16  6 37 851769  -10.076410  -75.736070    6507  19.4  0  0  4  6 0 0 1 0 0 0 1 0 1 0 1 0 0 0
2017  8 14 17 19 58 884688  -10.758960  -75.009580    3518   2.8  0  1  5  9 0 0 1 0 0 0 1 0 1 0 1 0 0 1
2017  8 14  0 13 55 147811  -11.304900  -76.214380    4340   3.2  0  0  4  6 0 0 0 1 0 0 0 0 0 0 1 1 0 1
2017  8 14  2 52 53 671914  -10.298410  -75.274480    4326  12.8  0  0  4  6 0 0 1 0 0 0 0 0 1 0 1 1 0 0
2017  8 15 20 41 56  72080  -10.650390  -75.779410    3273  12.7  0  0  6 15 0 0 1 1 1 0 1 0 1 0 0 0 0 1
2017  8 16 10 17 52 503864  -10.240740  -75.230340    4794  11.4  0  1  4  6 0 0 1 0 1 0 1 0 1 0 0 0 0 0
2017  8 16 10  5 50 976990  -10.227660  -75.159970    2906  14.1  0  0  6 15 0 0 1 0 1 0 1 0 1 0 1 1 0 0
2017  8 16 10  5 50 988663  -10.236610  -75.155880    2721   9.2  0 -2  6 15 0 0 1 0 1 0 1 0 0 0 1 1 0 1
2017  8 16 10  5 51  18316  -10.245140  -75.131430    2653  11.3  0 -1  7 19 0 0 1 0 1 0 1 0 1 0 1 1 0 1
2017  8 16 10  5 51  38671  -10.241470  -75.148660    2874  13.0  0 -3  6 15 0 0 1 0 1 0 1 0 1 0 1 1 0 0
2017  8 16 10  6 46 749326  -10.084230  -75.597230    3627   1.8  0  0  5  9 0 0 1 0 1 0 1 0 1 0 1 0 0 0
2017  8 16 12 57 28 124582  -10.223780  -75.166770    4066  15.3  0  1  4  6 0 0 1 0 0 0 0 1 0 0 1 1 0 0
2017  8 16 13 29  8 278009  -10.035190  -75.191440    4733  14.9  0  0  5  7 0 0 1 0 1 0 1 0 1 0 1 0 0 0
2017  8 16 13 35 45 549818  -10.178430  -75.079250    5059  16.2  0  1  5  9 0 0 1 0 0 0 1 1 1 0 1 0 0 0
2017  8 16 13 35 45 965653  -10.069310  -75.238310    4369  17.3  0 -3  5 10 0 0 1 0 1 0 1 1 1 0 0 0 0 0
2017  8 16 13 40  6 307244  -10.203080  -75.023860    3518  15.6  0  0  6 14 0 0 1 0 1 0 1 0 1 0 1 0 0 1
2017  8 16 14 18 46 818630  -10.269690  -75.150130    3968  13.5  0  1  5 10 0 0 1 0 1 0 0 1 1 0 1 0 0 0
2017  8 16 14 25 53 278080  -10.059380  -75.466740    4394  15.5  0 -3  5  9 0 0 1 0 1 0 1 1 0 0 1 0 0 0
2017  8 16 19 13  3 540514  -10.192730  -75.983410    6931   7.1  0 -3  4  6 0 0 0 1 0 0 1 0 1 0 1 0 0 0
2017  8 16 21 27 40 124393  -10.713730  -75.030600    3968   8.1  0  0  4  6 0 0 1 0 0 0 0 0 1 0 1 1 0 0
2017  8 16 21 59 44 137478  -10.931060  -75.640790    4015  14.7  0  0  4  6 0 0 1 0 0 0 0 1 0 0 1 1 0 0
2017  8 16 22 28 28 608149  -11.091930  -76.109340    4121  16.2  0  0  4  6 0 0 1 1 0 0 0 0 1 0 0 1 0 0
2017  8 16 23 30 58  92027  -10.327860  -76.731360    4333  16.1  0  0  4  6 0 0 1 0 1 0 0 0 1 0 0 1 0 0
2017  8 16  6 42 15 665833  -10.085240  -75.437640    3164   8.5  0 -3  5  9 0 0 1 0 1 0 0 0 1 0 1 1 0 0
2017  8 16  8 44 19 615066  -10.249060  -75.019540    3825  11.2  0  0  5 10 0 0 0 0 1 0 1 0 0 0 1 1 0 1
2017  8 16  8 44 19 692605  -10.247760  -75.029710    3764  11.0  0 -2  5 10 0 0 0 0 1 0 1 0 1 0 1 1 0 0
2017  8 16  9 40 18 529660  -10.084390  -75.415440    4391   8.3  0 -1  5  7 0 0 1 0 1 0 1 0 1 0 1 0 0 0
2017  8 16  9 49 55 766885  -10.288220  -75.125680    4190  17.3  0 -1  4  6 0 0 1 0 1 0 1 0 0 0 0 1 0 0
2017  8 16  9 49 55 842145  -10.284540  -75.149960    3391  15.7  0 -1  5 10 0 0 1 0 1 0 1 0 1 0 0 1 0 0
2017  8 17 10 22 44 615607  -10.071020  -75.326870    4674  11.5  0  0  5  9 0 0 1 0 0 0 1 1 1 0 1 0 0 0
2017  8 17 10 38 51 258283  -10.168290  -75.187420    5971  17.2  0 -2  5  7 0 0 1 0 0 0 1 1 1 0 1 0 0 0
2017  8 17 17  9  3 103992  -10.089380  -76.159420   19802   9.9  0  1  4  6 0 0 0 0 1 0 1 1 1 0 0 0 0 0
2017  8 17 22 50  1 325316  -11.537360  -75.027110   18649   9.6  0 -2  4  6 0 0 0 0 1 0 1 1 1 0 0 0 0 0
2017  8 17 22  1 42 376820  -11.893180  -75.405110    5232  17.0  0  0  4  6 0 0 1 0 1 0 1 1 0 0 0 0 0 0
2017  8 17 23  6 38 738365  -10.455710  -75.199380   23376  15.2  0  1  4  6 0 0 0 0 0 0 1 1 1 0 0 0 0 1
2017  8 17  8 15 32 497429  -10.023520  -75.131750    4485  11.1  0 -2  5  7 0 0 1 0 1 0 0 1 1 0 1 0 0 0
2017  8 17  9 13 40 707173  -10.000790  -75.159180    4078  16.3  0 -2  5 10 0 0 1 0 1 0 0 0 1 0 1 0 0 1
2017  8 18 11 49 19 973839  -10.001150  -75.133180    5114  14.2  0  3  4  6 0 0 1 0 1 0 1 1 0 0 0 0 0 0
2017  8 18 17 50 14 975462  -11.801700  -76.042430    4348  16.0  0 -1  5  9 0 0 1 0 1 0 1 1 1 0 0 0 0 0
2017  8 18 17 51 42 290791  -11.939190  -75.814800    5609  17.8  0 -1  4  6 0 0 1 0 1 0 0 1 1 0 0 0 0 0
2017  8 18 17  8 19  54833  -10.312260  -76.804610    3455  18.5  0 -1  5 10 0 0 1 0 1 0 1 0 0 0 0 1 0 1
2017  8 18 18 28  8 774596  -11.707450  -76.017830    4859  12.5  0  2  4  6 0 0 1 0 1 0 1 0 1 0 0 0 0 0
2017  8 18 18 32 21 951214  -11.535790  -75.999460    4227  18.2  0 -1  5 10 0 0 1 0 1 0 1 0 1 0 0 0 0 1
2017  8 18 18 39 26 638602  -11.546480  -76.031670    4280  17.0  0 -2  5 10 0 0 1 0 0 0 1 1 1 0 0 0 0 1
2017  8 18 18 41 39 209953  -11.646160  -75.709120    3904  14.3  0 -1  4  6 0 0 1 0 0 0 1 0 0 0 0 1 0 1
2017  8 18 18 45 37 151243  -10.733390  -76.693190    4625   6.2  0 -1  4  6 0 0 1 0 1 0 1 0 1 0 0 0 0 0
2017  8 18 19 14 12 114989  -11.565010  -75.966610    3290   5.2  0 -1  4  6 0 0 1 0 1 0 0 1 0 0 0 1 0 0
2017  8 18 19 19 13 449523  -11.632840  -75.822560    5529  17.1  0 -3  4  6 0 0 1 0 1 0 0 1 1 0 0 0 0 0
2017  8 18 19 55 49 775182  -11.647130  -75.704000    4036  19.0  0  0  6 12 0 0 1 0 1 0 1 1 1 0 0 0 0 1
2017  8 18 19  9 11  99078  -11.830830  -75.621240    4229  19.3  0 -3  4  6 0 0 1 0 1 0 0 1 0 0 0 1 0 0
2017  8 18 20 36 57 250923  -11.671560  -75.431760    5171  13.9  0 -1  4  6 0 0 1 0 1 0 0 1 1 0 0 0 0 0
2017  8 18 20 54 16 784078  -11.890260  -75.343190    4298   1.0  0  0  4  6 0 0 1 0 1 0 1 0 1 0 0 0 0 0
2017  8 18  0  6 14  31685  -11.181000  -76.383340   23978  14.0  0 -3  4  6 0 0 0 0 0 0 1 1 1 0 0 0 0 1
2017  8 20 21 33  4 532379  -10.374240  -75.139920    4300  19.6  0 -1  4  6 0 0 1 0 0 0 1 0 0 0 0 1 0 1
2017  8 21  1  9 54 891101  -10.006450  -75.075790    3204  11.4  0  0  5  9 0 0 1 0 0 0 0 1 1 0 0 1 0 1
2017  8 22 22 30 27 982768  -11.672030  -75.931040    4977   8.3  0  0  4  6 0 0 0 0 0 0 1 1 0 0 0 1 0 1
2017  8 22 22 44 20 247872  -11.984570  -75.687350    3383  19.4  0 -1  5 10 0 0 1 0 0 0 1 1 0 0 0 1 0 1
2017  8 22 23 33  5 968380  -11.963750  -75.387470    4901  14.0  0 -2  4  6 0 0 1 0 0 0 1 1 0 0 0 0 0 1
2017  8 22 23 37 18 489757  -11.887850  -75.635200    4748  12.2  0 -1  4  6 0 0 1 0 0 0 1 1 0 0 0 0 0 1
2017  8 22 23 41  5 530925  -11.987730  -75.534500    4592  10.7  0 -1  4  6 0 0 1 0 0 0 1 1 0 0 0 0 0 1
2017  8 22 23 41  5 577918  -11.981030  -75.527610    4440   9.2  0 -1  4  6 0 0 1 0 0 0 1 1 0 0 0 0 0 1
2017  8 22 23 51 10 153600  -11.957820  -75.555850    2949   8.3  0  0  5 10 0 0 1 0 0 0 1 1 0 0 0 1 0 1
2017  8 22 23 52  3 387480  -11.889840  -75.564340    4652  11.3  0 -2  4  6 0 0 1 0 0 0 1 1 0 0 0 0 0 1
2017  8 23 21 23 19 158438  -10.894890  -76.284890    4529   4.6  0 -2  4  6 0 0 1 0 0 0 1 0 1 0 0 0 0 1
2017  8 23 22 23 46 163688  -10.047990  -76.442830    3285  11.5  0 -1  5  9 0 0 1 0 0 0 0 1 1 0 0 1 0 1
2017  8 23 23 11 53 141949  -10.110190  -76.584400    3111   9.3  0 -2  5 10 0 0 1 0 0 0 0 1 1 0 0 1 0 1
2017  8 23 23 11 53 151701  -10.106590  -76.574800    3554   9.6  0  0  4  6 0 0 1 0 0 0 0 1 0 0 0 1 0 1
2017  8 23 23 34 22 905462  -10.810450  -75.445440    5659  19.9  0 -3  4  6 0 0 1 0 0 0 1 1 0 0 0 0 0 1
2017  8 23  0  2 30 740242  -11.964750  -75.456830    3187  15.3  0  0  5 10 0 0 1 0 0 0 1 1 0 0 0 1 0 1
2017  8 24 11 11 18 328171  -10.475540  -75.041340    3312  16.4  0  3  5  9 0 0 1 0 0 0 0 1 1 0 0 1 0 1
2017  8 24 12 14 44 308024  -10.470110  -75.033940    3878  10.1  0 -3  4  6 0 0 1 0 0 0 0 1 1 0 0 1 0 0
2017  8 24 12 17 41 260066  -10.588480  -75.124810    4569  19.1  0  0  5  9 0 0 1 0 0 0 1 1 1 0 0 0 0 1
2017  8 24 12  2 35 159084  -10.038190  -75.752500   11588   9.8  0 -2  4  6 0 0 1 0 0 0 1 1 1 0 0 0 0 0
2017  8 24 14 18 38 158850  -10.408970  -75.201750    3910  10.5  0  2  4  6 0 0 1 0 0 0 0 1 1 0 0 1 0 0
2017  8 24 16 46 30 879696  -11.859750  -75.776230   26740  19.7  0 -2  4  6 0 0 0 0 0 0 1 1 1 0 0 0 0 1
2017  8 24 17 58 21 656374  -11.651170  -76.778300    5370  13.9  0 -1  4  6 0 0 1 1 0 0 1 0 1 0 0 0 0 0
2017  8 24 18 30 44 595711  -11.720180  -75.990360    5162  15.7  0 -3  4  6 0 0 1 0 0 0 1 1 0 0 0 0 0 1
2017  8 24 18 35 15 155617  -10.005950  -76.947550    2992  16.7  0  0  6 15 0 0 1 0 0 0 1 1 1 0 0 1 0 1
2017  8 24 18  4 37 307219  -11.803420  -75.820940    3340  11.7  0 -1  5 10 0 0 1 0 0 0 1 1 1 0 0 1 0 0
2017  8 24 18  4 37 328466  -11.783860  -75.865100    2931  13.8  0 -1  6 15 0 0 1 0 0 0 1 1 1 0 0 1 0 1
2017  8 24 18  4 37 337548  -11.670190  -76.120970    3947  19.1  0 -2  6 15 0 0 1 1 0 0 1 1 1 0 0 0 0 1
2017  8 24 19 18 43 186510  -11.615300  -75.703010    5197  14.2  0  0  4  6 0 0 1 0 0 0 0 1 1 0 0 0 0 1
2017  8 24 19 38 47 348647  -11.353880  -75.863910    4347   0.7  0 -1  4  6 0 0 1 0 0 0 1 0 1 0 0 0 0 1
2017  8 24 19 47 40 845184  -11.580300  -75.354790    3748  10.5  0  1  4  6 0 0 1 0 0 0 0 0 1 0 0 1 0 1
2017  8 24 19 52 19 524547  -10.349420  -76.725110    3286  11.9  0  0  6 15 0 0 1 1 0 0 1 1 1 0 0 0 0 1
2017  8 24 19 52 19 532001  -10.410570  -76.606140    2777  17.9  0  0  7 20 0 0 1 1 0 0 1 1 1 0 0 1 0 1
2017  8 24 19 52 19 542242  -10.341710  -76.742650    4099  14.3  0  1  5 10 0 0 1 1 0 0 1 1 0 0 0 0 0 1
2017  8 24 19 54 30 801044  -11.288880  -76.031410    5215  15.8  0  0  4  6 0 0 1 0 0 0 1 1 0 0 0 0 0 1
2017  8 24 19  8 23 897387  -10.314340  -76.941510   14897  19.2  0 -1  4  6 0 0 1 0 0 0 1 1 1 0 0 0 0 0
2017  8 24 20 14 46 424386  -11.190570  -75.982410    4512   5.1  0  0  4  6 0 0 1 0 0 0 1 0 1 0 0 0 0 1
2017  8 24 20 15 26 811867  -10.288040  -76.930670    4488  16.2  0 -1  5 10 0 0 1 0 0 0 1 1 1 0 0 0 0 1
2017  8 24 20 21 55 381859  -11.722600  -75.673610    2723  12.2  0  1  6 15 0 0 1 1 0 0 1 1 0 0 0 1 0 1
2017  8 24 20 21 55 403398  -11.332220  -76.441640   12807  11.6  0 -1  4  6 0 0 1 0 0 0 1 1 1 0 0 0 0 0
2017  8 24 20 21 55 456204  -11.675750  -75.759940    4721  11.5  0  0  4  6 0 0 1 0 0 0 1 1 0 0 0 0 0 1
2017  8 24 20 28 37 697676  -10.444590  -76.914630   11182   5.7  0 -2  4  6 0 0 1 0 0 0 1 1 1 0 0 0 0 0
2017  8 24 20 30 16 955824  -11.717990  -75.602750    4422  19.1  0 -1  5 10 0 0 1 0 0 0 1 1 1 0 0 0 0 1
2017  8 24 20 33 57 624285  -10.787760  -76.567690    5166  13.9  0  1  5  9 0 0 1 1 0 0 1 1 1 0 0 0 0 0
2017  8 24 20 33  8  73714  -10.874270  -76.387770    5749  19.2  0 -3  4  6 0 0 1 0 0 0 1 1 0 0 0 0 0 1
2017  8 24 20 34 21 321602  -11.019900  -75.819290    4366   2.1  0 -2  4  6 0 0 1 0 0 0 1 0 1 0 0 0 0 1
2017  8 24 20 35 46 693113  -10.540880  -76.213800    4675   8.7  0  0  4  6 0 0 1 0 0 0 1 0 1 0 0 0 0 1
2017  8 24 20 55  8 371421  -11.035760  -75.886020    3488   9.5  0  2  4  6 0 0 1 0 0 0 0 1 0 0 0 1 0 1
2017  8 24 20 57  4 392527  -11.713620  -75.510940    4279   5.9  0  1  4  6 0 0 1 0 0 0 1 1 0 0 0 0 0 1
2017  8 24 20 58 29 951627  -11.058210  -76.006860    4555  19.3  0  1  5 10 0 0 1 0 0 0 1 1 1 0 0 0 0 1
2017  8 24 20  1 24 899836  -10.024510  -75.574020   10497   3.3  0 -1  4  6 0 0 1 0 0 0 1 1 1 0 0 0 0 0
2017  8 24 20  1  2 640179  -11.138500  -76.339260   10762   1.8  0  3  4  6 0 0 1 0 0 0 1 1 1 0 0 0 0 0
2017  8 24 21 27  9 927742  -10.687520  -75.835570    5442  15.9  0 -1  4  6 0 0 1 0 0 0 0 1 1 0 0 0 0 1
2017  8 24 21 28 27 323971  -11.251060  -75.472760    3618  18.6  0 -2  5  9 0 0 1 0 0 0 0 1 1 0 0 1 0 1
2017  8 24 21 30 23 937999  -10.274520  -76.359980    4692  19.5  0 -1  4  6 0 0 1 0 0 0 0 1 1 0 0 1 0 0
2017  8 24 21 40 37 149394  -11.191640  -75.601290    4445  18.8  0  0  4  6 0 0 1 0 0 0 1 1 0 0 0 1 0 0
2017  8 24 21 46  6 863336  -10.669490  -76.047010    2859  13.8  0  0  6 15 0 0 1 0 0 0 1 1 1 0 0 1 0 1
2017  8 24 21 59  8 140773  -11.284460  -76.388700   12914  12.4  0  3  4  6 0 0 1 0 0 0 1 1 1 0 0 0 0 0
2017  8 24 21  5 40 418846  -10.056360  -76.565670    3079  18.8  0 -1  6 15 0 0 1 0 0 0 1 1 1 0 0 1 0 1
2017  8 24 22 22 37 557524  -11.449030  -75.182030   21325  12.6  0  1  4  6 0 0 0 0 0 0 1 1 1 0 0 0 0 1
2017  8 24 22 29 47 159000  -10.441660  -75.869470    3184  14.2  0  2  5 10 0 0 1 0 0 0 1 1 0 0 0 1 0 1
2017  8 24 22  1 47 184901  -11.194810  -75.120140    4154  17.8  0  2  4  6 0 0 1 0 0 0 1 0 0 0 0 1 0 1
2017  8 24 23 49 59 865248  -10.382500  -75.903530    4250   7.8  0  0  5  8 0 0 1 0 0 0 1 1 1 0 0 0 0 1
2017  8 25 13 30  1 814668  -11.605050  -75.928120   20537   9.3  0  0  4  6 0 0 0 0 0 0 1 1 1 0 0 0 0 1
2017  8 25 19 50 12 920566  -10.945350  -75.482410    3809   1.0  0  0  4  6 0 0 1 0 0 0 1 0 1 0 0 1 0 0
2017  8 25 22 31 27  83090  -10.046270  -75.551160   10396   1.6  0  1  4  6 0 0 1 0 0 0 1 1 1 0 0 0 0 0
2017  8 26 11 21 19 384760  -10.365350  -75.222130   23682  16.8  0  0  4  6 0 0 0 0 0 0 1 1 1 0 0 0 0 1
2017  8 26 11 38 32 175053  -10.944310  -75.372180   23511  15.8  0  1  4  6 0 0 0 0 0 0 1 1 1 0 0 0 0 1
2017  8 26 16 36 13 731547  -11.148370  -75.907870   22995  14.2  0 -1  4  6 0 0 0 0 0 0 1 1 1 0 0 0 0 1
2017  8 26 20 54 32 739514  -11.634530  -75.742070   11303   9.3  0  2  4  6 0 0 1 0 0 0 1 1 1 0 0 0 0 0
2017  8 26 21 28 57 580603  -10.199590  -76.360350   18804   4.1  0 -2  4  6 0 0 0 0 0 0 1 1 1 0 0 0 0 1
2017  8 26 23 17 55 537730  -11.421780  -76.046700    3022  17.5  0  0  6 15 0 0 1 0 0 0 1 1 1 0 0 1 0 1
2017  8 26  6 20 14  98565  -10.205360  -75.325280    4284  13.6  0  2  5 10 0 0 0 0 0 0 1 1 1 0 0 1 0 1
2017  8 27 16 16  1 169928  -11.404390  -75.111070   10795   6.8  0  0  4  6 0 0 1 0 0 0 1 1 1 0 0 0 0 0
2017  8 27 16 25 24 402299  -11.076500  -75.255700    4382  17.4  0  0  5  9 0 0 1 0 0 0 1 1 1 0 0 0 0 1
2017  8 27 16  1 58 332403  -10.444670  -75.240570    3181  15.5  0 -2  5 10 0 0 1 0 0 0 1 1 0 0 0 1 0 1
2017  8 27 17 30 57  48191  -10.429060  -75.832560   23573  15.4  0  0  4  6 0 0 0 0 0 0 1 1 1 0 0 0 0 1
2017  8 27 17 52  4  96467  -10.261410  -75.005800   22233  14.6  0 -1  4  6 0 0 0 0 0 0 1 1 1 0 0 0 0 1
2017  8 27 17 58 29 104077  -10.563840  -75.206030    4221  16.5  0 -1  4  6 0 0 1 0 0 0 1 1 0 0 0 1 0 0
2017  8 27 18 10 59 206404  -10.512710  -75.381470    3015   8.7  0 -3  5 10 0 0 1 0 0 0 0 1 1 0 0 1 0 1
2017  8 27 18 12 40 785256  -10.155350  -75.749180   12943  14.6  0  3  4  6 0 0 1 0 0 0 1 1 1 0 0 0 0 0
2017  8 27 18 13 24  26772  -10.494630  -75.304790    3740  12.1  0 -1  4  6 0 0 1 0 0 0 1 0 0 0 0 1 0 1
2017  8 27 18 13  7 748868  -10.387190  -75.312240    5060  13.8  0  2  4  6 0 0 1 0 0 0 1 1 0 0 0 0 0 1
2017  8 27 18 24 35 828622  -11.151920  -75.269020    4322  18.2  0 -1  5 10 0 0 1 0 0 0 1 1 1 0 0 0 0 1
2017  8 27 18 25 37 813438  -10.440070  -75.143360    3225  12.2  0 -2  5 10 0 0 1 0 0 0 1 0 1 0 0 1 0 1
2017  8 27 18 30 54 309732  -11.114520  -75.427730    4575   9.6  0 -1  4  6 0 0 1 0 0 0 1 1 0 0 0 0 0 1
2017  8 27 18 30 54 532924  -11.095200  -75.439830    4071  10.7  0 -2  5  9 0 0 1 0 0 0 1 1 1 0 0 0 0 1
2017  8 27 18 33 44 977343  -10.198700  -75.256970   11665  10.7  0  0  4  6 0 0 1 0 0 0 1 1 1 0 0 0 0 0
2017  8 27 20 13 35 760504  -10.068800  -75.124070    3507  17.5  0 -1  5 10 0 0 1 0 0 0 1 0 1 0 0 1 0 1
2017  8 27 20 36 14 222910  -10.018910  -75.231250    3250   9.9  0  0  5  9 0 0 1 0 0 0 1 1 1 0 0 1 0 0
2017  8 27 22 18 30 315670  -11.438250  -76.058220    5456  16.1  0 -1  4  6 0 0 1 0 0 0 0 1 1 0 0 0 0 1
2017  8 28 11  0 12 773327  -10.406000  -75.398780   10402   2.0  0  1  4  6 0 0 1 0 0 0 1 1 1 0 0 0 0 0
2017  8 28 11  7  1 240921  -10.536440  -75.124010    2656  14.1  0 -2  7 21 0 0 1 0 0 0 1 1 1 0 1 1 0 1
2017  8 28 12 40 41 938735  -11.045320  -75.521510   15945  11.2  0 -3  4  6 0 0 0 0 0 0 1 1 1 0 1 0 0 0
2017  8 28 16 25 35   9624  -11.336100  -75.939180    6284  19.1  0 -3  4  6 0 0 1 0 0 0 1 1 0 0 1 0 0 0
2017  8 28 17 29 18 181655  -10.706490  -75.340660    3073  14.9  0 -3  7 19 0 0 0 1 0 0 1 1 1 0 1 1 0 1
2017  8 28 17 29 18 214110  -10.672270  -75.264660    4402  14.5  0  0  5 10 0 0 0 0 0 0 1 1 1 0 0 1 0 1
2017  8 28 17 29 18 264044  -10.725990  -75.278250    3907  10.9  0 -1  5 10 0 0 1 0 0 0 0 1 1 0 1 0 0 1
2017  8 28 17 29 18 345145  -10.654490  -75.367870    3790  10.0  0  0  5  9 0 0 1 1 0 0 1 0 1 0 0 0 0 1
2017  8 28 17 34  9 621968  -11.634430  -76.060790    2983  17.2  0 -1  6 15 0 0 1 0 0 0 0 1 1 0 1 1 0 1
2017  8 28 17 34  9 630129  -11.575390  -76.158080    4110  18.6  0 -1  6 11 0 0 1 0 0 0 1 1 1 0 1 0 0 1
2017  8 28 17 48 20 395899  -10.716360  -75.292890    4964  11.9  0 -1  4  6 0 0 1 0 0 0 0 1 1 0 0 0 0 1
2017  8 28 17  5 18  20580  -10.723130  -75.173710    3042  17.6  0 -3  6 14 0 0 1 1 0 0 1 1 1 0 0 1 0 0
2017  8 28 17  8 51  20541  -10.663140  -75.003660    3201   4.2  0 -3  5  7 0 0 1 0 0 0 0 1 1 0 1 1 0 0
2017  8 28 18 19 21 743039  -10.129450  -75.324360    6703  17.8  0 -1  5  9 0 0 0 1 0 0 1 1 1 0 1 0 0 0
2017  8 28 18 21  6 344018  -11.559370  -75.218320   17824   3.4  0 -1  4  6 0 0 0 0 0 0 1 1 1 0 0 0 0 1
2017  8 28 18 34 27 899754  -10.353120  -75.669820   13644   1.7  0  1  4  6 0 0 0 0 0 0 1 1 1 0 1 0 0 0
2017  8 28 18 45 20 540908  -11.328290  -75.165860   18756   6.4  0  0  4  6 0 0 0 0 0 0 1 1 1 0 0 0 0 1
2017  8 28 18 45 23  68640  -10.188060  -75.606430   14008   5.4  0  0  4  6 0 0 0 0 0 0 1 1 1 0 1 0 0 0
2017  8 28 18 47 18 588825  -11.644040  -75.585870   12756  13.7  0 -1  4  6 0 0 1 0 0 0 1 1 1 0 0 0 0 0
2017  8 28 18 59 31  80042  -11.925100  -76.249490    3337   2.2  0 -1  4  6 0 0 1 0 0 0 0 1 0 0 1 1 0 0
2017  8 28 19 13 13 929845  -10.181240  -76.331360    6428  15.0  0 -3  5 10 0 0 0 1 0 0 1 1 1 0 1 0 0 0
2017  8 28 19 15 13 384681  -10.010470  -75.237530    7205   8.9  0  0  4  6 0 0 0 1 0 0 0 1 1 0 1 0 0 0
2017  8 28 19 16 51 136844  -11.947550  -76.233110    3108  17.9  0  0  6 14 0 0 1 1 0 0 1 1 1 0 0 1 0 0
2017  8 28 19 16 51 232964  -11.863380  -76.402160    4751   5.7  0 -1  4  6 0 0 1 0 0 0 1 1 0 0 1 0 0 0
2017  8 28 19 16 51 252327  -11.880770  -76.369500    4649   3.8  0  0  4  6 0 0 1 0 0 0 1 1 0 0 1 0 0 0
2017  8 28 19 16 51  89165  -11.855200  -76.413540    4058   3.9  0 -1  4  6 0 0 1 0 0 0 1 0 0 0 1 0 0 1
2017  8 28 19 20 51 642643  -11.867670  -76.039180    4654  10.4  0  0  5  8 0 0 0 0 0 0 1 1 1 0 0 1 0 1
2017  8 28 19 20 51 670041  -11.883590  -76.487550    8331   1.1  0  0  4  6 0 0 0 0 0 0 0 1 1 0 1 0 0 1
2017  8 28 19 23 26 711998  -10.318380  -75.081920    7068   7.7  0 -2  4  6 0 0 0 1 0 0 1 1 0 0 1 0 0 0
2017  8 28 19 25 15 271643  -10.866710  -76.471780   10747   1.5  0  0  4  6 0 0 1 0 0 0 1 1 1 0 0 0 0 0
2017  8 28 19 26 33 793986  -10.235190  -75.203140    4166  16.1  0  0  4  6 0 0 1 0 0 0 0 0 0 0 1 1 0 1
2017  8 28 19 34 23 613031  -11.078610  -75.014840    3981   3.0  0  0  4  6 0 0 1 0 0 0 1 0 0 0 1 0 0 1
2017  8 28 19 46 33 983107  -10.535450  -76.183400   11330   8.0  0 -2  4  6 0 0 1 0 0 0 1 1 1 0 0 0 0 0
2017  8 28 19 49 36 926026  -11.268430  -75.312170    8584   5.9  0 -2  5 10 0 0 0 1 0 0 1 1 1 0 0 0 0 1
2017  8 28 19  0 59 894408  -10.055340  -76.496510   25183  17.9  0  1  4  6 0 0 0 0 0 0 1 1 1 0 0 0 0 1
2017  8 28 19  1 40 146687  -11.941460  -76.169760    2994   4.8  0 -1  5 10 0 0 1 0 0 0 0 0 1 0 1 1 0 1
2017  8 28 19  3 16 841354  -11.898990  -76.226810    4077  14.5  0 -1  5 10 0 0 1 0 0 0 0 1 1 0 1 0 0 1
2017  8 28 19  3 16 895713  -11.842550  -76.682810    7683  13.7  0  0  5 10 0 0 0 0 0 0 1 1 1 0 1 0 0 1
2017  8 28 19  4 23 482768  -11.976370  -76.020770    3311  11.6  0  0  5  9 0 0 1 0 0 0 0 0 1 0 1 1 0 1
2017  8 28 19  4 23 544330  -11.684550  -76.645990    3849   4.7  0 -1  5 10 0 0 1 1 0 0 1 1 1 0 0 0 0 0
2017  8 28 19  6  4 587393  -10.078560  -76.380590    7149   6.7  0 -2  4  6 0 0 0 1 0 0 0 1 1 0 1 0 0 0
2017  8 28 20 10 39 986699  -11.342360  -75.146280   10952  19.5  0  0  4  6 0 0 0 0 0 0 1 1 0 0 1 0 0 1
2017  8 28 20 12 14 149315  -10.276120  -75.307250    3572   7.9  0 -1  4  6 0 0 1 0 0 0 0 1 0 0 1 1 0 0
2017  8 28 20 14 59 914724  -10.027020  -75.690340   13576   1.1  0  2  4  6 0 0 0 0 0 0 1 1 1 0 1 0 0 0
2017  8 28 20 16 20 880965  -11.282540  -75.409410    8713   6.0  0  1  5  7 0 0 0 1 0 0 1 1 1 0 1 0 0 0
2017  8 28 20 18 59 888961  -10.363860  -76.061450   10895   5.1  0  2  4  6 0 0 1 0 0 0 1 1 1 0 0 0 0 0
2017  8 28 20 20 28 486022  -10.392610  -75.066540    4006   0.6  0 -2  4  6 0 0 1 0 0 0 1 0 0 0 1 0 0 1
2017  8 28 20 21 52 200943  -10.500250  -75.283640    4184   1.3  0 -2  4  6 0 0 1 0 0 0 0 1 0 0 1 0 0 1
2017  8 28 20 22 47 814249  -10.311460  -75.247790   17184  15.6  0  0  4  6 0 0 0 0 0 0 1 1 1 0 1 0 0 0
2017  8 28 20 26 23 134181  -11.232420  -76.411220    3638  18.7  0  1  5 10 0 0 1 0 0 0 0 0 1 0 1 1 0 1
2017  8 28 20 26 23 386719  -11.252820  -76.465350    4247   2.4  0  0  4  6 0 0 1 0 0 0 0 1 0 0 1 0 0 1
2017  8 28 20 27 31 769600  -11.271630  -76.385670    3239  19.4  0 -1  6 14 0 0 1 0 0 0 1 0 1 0 1 1 0 1
2017  8 28 20 27 31 965418  -11.235610  -76.522250    4841  11.5  0  0  4  6 0 0 1 0 0 0 1 1 0 0 0 0 0 1
2017  8 28 20 38  6 161092  -11.185760  -76.586570    4220   0.6  0  0  4  6 0 0 1 0 0 0 0 1 0 0 1 0 0 1
2017  8 28 20 38  6 182735  -11.200860  -76.491970    3476  16.9  0  0  5 10 0 0 1 0 0 0 1 1 0 0 1 1 0 0
2017  8 28 20 44 52 803990  -10.496310  -75.239890    2657   9.1  0 -2  6 15 0 0 1 1 0 0 0 1 0 0 1 1 0 1
2017  8 28 20 47 12 438536  -10.380370  -75.372470    4251  17.8  0  2  5 10 0 0 1 0 0 0 0 1 1 0 1 0 0 1
2017  8 28 20 48 20 314310  -10.090120  -75.440590    5056  17.4  0 -3  5  8 0 0 1 0 0 0 0 1 1 0 1 0 0 1
2017  8 28 20 49 51 108456  -10.068860  -75.336670    4985  15.0  0 -3  5  7 0 0 1 0 0 0 1 0 1 0 1 0 0 1
2017  8 28 20 51 45 250458  -10.129850  -75.618100    3631  16.8  0  0  6 15 0 0 1 0 0 0 1 1 1 0 1 0 0 1
2017  8 28 20  0 11 467021  -10.297790  -76.295650   10981   4.8  0  0  4  6 0 0 1 0 0 0 1 1 1 0 0 0 0 0
2017  8 28 20  3 40 818185  -10.128490  -76.414070    3629  15.9  0  1  5 10 0 0 1 0 0 0 1 0 1 0 1 1 0 0
2017  8 28 20  9  2 132728  -11.010690  -75.174090    3118  17.7  0  0  6 15 0 0 1 0 0 0 1 0 1 0 1 1 0 1
2017  8 28 21 11 18 810547  -10.026910  -75.234470    2886  15.2  0  1  6 15 0 0 1 0 0 0 1 1 0 0 1 1 0 1
2017  8 28 21 11 33 902931  -11.063960  -75.639240   13659   1.6  0 -1  4  6 0 0 0 0 0 0 1 1 1 0 1 0 0 0
2017  8 28 21 12 19 440241  -10.277430  -75.171420    4185  11.9  0 -1  5  9 0 0 1 0 0 0 1 1 0 0 1 0 0 1
2017  8 28 21 14 14 508852  -11.189810  -76.935770   22689  11.2  0 -2  4  6 0 0 0 0 0 0 1 1 1 0 0 0 0 1
2017  8 28 21 14 24 304344  -10.000120  -75.284420    4334   3.9  0  1  4  6 0 0 1 0 0 0 0 1 0 0 1 0 0 1
2017  8 28 21 17 28 978175  -10.100430  -75.246730    3461   1.4  0  1  5 10 0 0 1 0 0 0 1 0 1 0 1 0 0 1
2017  8 28 21 18 15 955043  -10.039580  -75.037640    4341  16.7  0 -1  5 10 0 0 1 0 0 0 1 0 1 0 1 0 0 1
2017  8 28 21 19  1 832207  -10.094630  -75.276960    4517   6.7  0  2  4  6 0 0 1 0 0 0 0 1 0 0 1 0 0 1
2017  8 28 21 22 43 916036  -10.040480  -75.507640    8808   8.0  0  0  4  6 0 0 0 0 0 0 1 0 1 0 1 0 0 1
2017  8 28 21 27 33 965726  -10.036500  -75.205960    6394  17.2  0  0  4  6 0 0 1 0 0 0 0 1 1 0 1 0 0 0
2017  8 28 21 27  0 197898  -10.267600  -75.042080    5495  17.2  0  0  4  6 0 0 1 0 0 0 0 1 1 0 0 0 0 1
2017  8 28 21 29 23 361355  -10.229340  -75.144300    4039   1.2  0  1  4  6 0 0 1 0 0 0 1 0 0 0 1 0 0 1
2017  8 28 21 29 34 555788  -10.111780  -75.312440    4000  11.3  0 -2  5 10 0 0 1 0 0 0 1 1 1 0 0 0 0 1
2017  8 28 21 30 15 436889  -10.487880  -75.591480   13726   2.9  0 -2  4  6 0 0 0 0 0 0 1 1 1 0 1 0 0 0
2017  8 28 21 31 19 479869  -10.214080  -75.191310    3854  12.5  0 -1  5 10 0 0 1 0 0 0 1 1 0 0 1 0 0 1
2017  8 28 21 35 12 378873  -10.318620  -76.307260    5547  18.2  0  0  5  8 0 0 1 0 0 0 1 1 1 0 1 0 0 0
2017  8 28 21 36  5 626257  -10.310860  -75.111970    4329   4.6  0  2  4  6 0 0 1 0 0 0 0 1 0 0 1 0 0 1
2017  8 28 21 43  2 107129  -11.760240  -75.909870    2708   9.2  0  1  6 15 0 0 1 0 0 0 1 1 0 0 1 1 0 1
2017  8 28 21 43  2  85531  -11.734270  -75.915540    4815  11.4  0 -1  4  6 0 0 1 0 0 0 1 0 1 0 0 0 0 1
2017  8 28 21 44 21  28433  -10.087220  -75.312260    4548  10.9  0  1  4  6 0 0 0 0 0 0 0 1 1 0 1 1 0 0
2017  8 28 21 51  0 857988  -10.005200  -75.335490    5521  10.0  0  2  4  6 0 0 1 0 0 0 0 1 1 0 1 0 0 0
2017  8 28 21 53  7  33700  -10.030140  -75.384140    2706   9.5  0 -2  6 15 0 0 1 0 0 0 1 1 0 0 1 1 0 1
2017  8 28 21  1  5 131292  -10.085860  -75.341750    3808  18.7  0  0  6 14 0 0 1 0 0 0 1 1 1 0 1 0 0 1
2017  8 28 21  5 42 841251  -10.007280  -75.010270    4820   9.8  0  0  4  6 0 0 1 0 0 0 0 1 0 0 1 0 0 1
2017  8 28 21  9 52 844260  -10.311220  -75.105840    5717  12.5  0  3  4  6 0 0 1 0 0 0 0 1 1 0 1 0 0 0
2017  8 28 21  9  3 457996  -10.340910  -75.053130    4389   5.2  0 -2  4  6 0 0 1 0 0 0 0 0 1 0 1 0 0 1
2017  8 28 22 20 46 569089  -10.033500  -75.675310    4458   7.5  0  3  6 14 0 0 0 1 0 0 1 1 1 0 1 0 0 1
2017  8 28 22 33 11 887520  -10.058040  -75.349100    4245   2.2  0  2  4  6 0 0 1 0 0 0 0 1 0 0 1 0 0 1
2017  8 28 22 46 24 812920  -11.004880  -76.088220   12495  11.8  0  0  4  6 0 0 1 0 0 0 1 1 1 0 0 0 0 0
2017  8 28 22  4 17 298129  -11.487350  -76.234880    4392  16.4  0 -1  5  9 0 0 1 0 0 0 0 1 1 0 1 0 0 1
2017  8 28 22  9 55 554045  -10.114230  -75.141670    3699  16.6  0  1  6 14 0 0 1 0 0 0 1 1 1 0 1 0 0 1
2017  8 28 23 47 43 183655  -10.250600  -76.440200    5136   1.2  0  2  4  6 0 0 1 0 0 0 1 0 1 0 1 0 0 0
2017  8 28 23 47 43 285071  -10.461760  -76.361790    4094   8.3  0 -3  4  6 0 0 1 0 0 0 0 0 1 0 1 1 0 0
2017  8 28  1 26  8 268670  -11.320250  -75.208380    6042  15.5  0  2  5  7 0 0 1 0 0 0 1 1 1 0 1 0 0 0
2017  8 28  1 27 59 267052  -10.586530  -75.474300    3635   4.0  0  1  5  9 0 0 1 0 0 0 1 0 1 0 1 0 0 1
2017  8 28  1 32  9 558023  -11.440250  -75.073640   11537  10.3  0  2  4  6 0 0 1 0 0 0 1 1 1 0 0 0 0 0
2017  8 28  1 38 47  63088  -11.222660  -75.337910    5804  16.3  0  3  5  9 0 0 1 0 0 0 1 1 1 0 1 0 0 0
2017  8 28  1 42 48 794045  -10.561430  -75.544940    4359   7.9  0  3  5  9 0 0 1 0 0 0 1 1 1 0 1 0 0 0
2017  8 28  1 43 32   8226  -11.481080  -75.018150   10437   6.3  0 -1  4  6 0 0 1 0 0 0 1 1 1 0 0 0 0 0
2017  8 28  1 50 17 164246  -11.298450  -75.377510    4061   6.0  0  2  5 10 0 0 1 0 0 0 1 1 1 0 1 0 0 0
2017  8 28  1 50 43 509006  -10.565800  -76.064070    6024   9.3  0 -3  5  7 0 0 1 0 0 0 1 1 1 0 1 0 0 0
2017  8 28  1 50 58 970176  -11.340500  -75.289920    5843  10.3  0  3  5  7 0 0 1 0 0 0 1 1 1 0 1 0 0 0
2017  8 28  1 51 53 506601  -10.095760  -75.364160    5252   6.9  0  3  4  6 0 0 1 0 0 0 1 0 1 0 1 0 0 0
2017  8 28  1 51 56 640461  -10.591740  -75.507810    5402   8.5  0  0  4  6 0 0 1 0 0 0 0 1 1 0 1 0 0 0
2017  8 28  1 53 40 756468  -10.486390  -76.071330   14485   5.5  0  2  4  6 0 0 0 0 0 0 1 1 1 0 1 0 0 0
2017  8 28  1 55 15 914435  -10.038700  -75.451370    4081  10.4  0 -1  5  7 0 0 1 0 0 0 1 1 0 0 1 1 0 0
2017  8 28  1 55 16 139619  -10.033660  -75.473920    3196  13.1  0 -3  5 10 0 0 1 0 0 0 0 1 1 0 0 1 0 1
2017  8 28  1 55 46 912502  -11.213540  -75.476160    4770   4.5  0  1  5  9 0 0 1 0 0 0 1 1 1 0 1 0 0 0
2017  8 28  1 58 56 999790  -11.227220  -75.335990    5762  14.5  0  2  5  8 0 0 1 0 0 0 1 1 1 0 1 0 0 0
2017  8 28  2 11 41  21419  -10.163910  -75.445580    4310   8.8  0  0  5 10 0 0 1 0 0 0 1 1 1 0 1 0 0 0
2017  8 28  2 11 41  36801  -10.163150  -75.459350    4459   8.1  0  2  5  9 0 0 1 0 0 0 1 1 1 0 1 0 0 0
2017  8 28  2 13 41  95416  -11.402380  -75.216980    2715   7.1  0  0  6 15 0 0 1 0 0 0 1 1 1 0 0 1 0 1
2017  8 28  2 14 47 549407  -11.333030  -75.789920    5602  14.2  0  1  5  9 0 0 1 0 0 0 1 1 1 0 1 0 0 0
2017  8 28  2 16 25 175639  -10.572380  -75.629760    5085   3.2  0  1  4  6 0 0 1 0 0 0 0 1 1 0 1 0 0 0
2017  8 28  2 17 11 773046  -10.111510  -75.506460    4106   5.3  0  0  5 10 0 0 1 0 0 0 1 1 1 0 1 0 0 0
2017  8 28  2 17 33 665658  -11.024100  -75.739430    5837  15.6  0  3  4  6 0 0 1 0 0 0 1 1 0 0 1 0 0 0
2017  8 28  2 18 27 461233  -11.290090  -75.425740   12289  12.7  0  2  4  6 0 0 1 0 0 0 1 1 1 0 0 0 0 0
2017  8 28  2 24 31 301260  -11.275580  -75.357090    4456  11.8  0  1  5 10 0 0 1 0 0 0 1 1 1 0 1 0 0 0
2017  8 28  2 25 39 366633  -11.295940  -75.272320    4126   4.9  0  0  5  9 0 0 1 0 0 0 1 1 1 0 1 0 0 0
2017  8 28  2 25 47 630472  -10.019190  -75.985050    4376   9.2  0  2  5 10 0 0 1 0 0 0 1 1 1 0 1 0 0 0
2017  8 28  2 25 47 649015  -10.123160  -75.427160    5182   5.3  0  3  4  6 0 0 1 0 0 0 0 1 1 0 1 0 0 0
2017  8 28  2 26 48 687837  -11.621260  -75.459270   13209   1.3  0  2  4  6 0 0 0 0 0 0 1 1 1 0 1 0 0 0
2017  8 28  2 27 42 832385  -11.485180  -75.200100    5248  18.9  0  1  5  9 0 0 1 0 0 0 1 1 1 0 0 0 0 1
2017  8 28  2 27 51 455121  -11.257730  -75.352620    4146   8.5  0  0  5 10 0 0 1 0 0 0 1 1 1 0 1 0 0 0
2017  8 28  2 29  4 276434  -11.258230  -75.461430   10268   1.7  0  0  4  6 0 0 1 0 0 0 1 1 1 0 0 0 0 0
2017  8 28  2 31 46 657958  -11.121600  -75.074010   14245   7.6  0  3  4  6 0 0 0 0 0 0 1 1 1 0 1 0 0 0
2017  8 28  2 35 49 851422  -10.024930  -75.561960    4237   7.0  0  2  5 10 0 0 1 0 0 0 1 1 1 0 1 0 0 0
2017  8 28  2 36 24 385931  -11.230400  -75.463540    4524   8.3  0 -3  5  9 0 0 1 0 0 0 1 1 1 0 1 0 0 0
2017  8 28  2 36 24 472826  -11.279530  -75.416020    4890   7.0  0 -3  5  9 0 0 1 0 0 0 1 1 1 0 1 0 0 0
2017  8 28  2 38 33 357967  -10.113900  -75.379900   11409   9.3  0  2  4  6 0 0 1 0 0 0 1 1 1 0 0 0 0 0
2017  8 28  2 38 39 749672  -11.528990  -75.157680    4503   9.4  0 -2  4  6 0 0 1 0 0 0 1 1 0 0 0 0 0 1
2017  8 28  2 41 19 395714  -11.199650  -75.457180    4060   5.5  0  2  5 10 0 0 1 0 0 0 1 1 1 0 1 0 0 0
2017  8 28  2 44 41  97348  -11.285060  -75.361910    4508  12.4  0  0  5 10 0 0 1 0 0 0 1 1 1 0 1 0 0 0
2017  8 28  2 45 59 904076  -11.525590  -75.215100   10076   1.9  0  1  4  6 0 0 1 0 0 0 1 1 1 0 0 0 0 0
2017  8 28  2 47 28 767991  -11.133500  -75.522920    4766   4.3  0 -1  5  9 0 0 1 0 0 0 1 1 1 0 1 0 0 0
2017  8 28  2 51 50 204560  -11.590810  -75.288800    5013  14.8  0  2  5  9 0 0 1 0 0 0 1 1 1 0 1 0 0 0
2017  8 28  2 52 56 938445  -11.459990  -75.156090    3811  11.0  0  1  5 10 0 0 1 0 0 0 1 1 0 0 1 0 0 1
2017  8 28  2 53  6 784623  -10.142450  -75.509270    4093   4.0  0  0  5 10 0 0 1 0 0 0 1 1 1 0 1 0 0 0
2017  8 28  2 54 11 778631  -11.245710  -75.437710    4952   7.9  0 -1  5  9 0 0 1 0 0 0 1 1 1 0 1 0 0 0
2017  8 28  2 55  1 621714  -10.249370  -75.583150    4276   8.6  0  1  5 10 0 0 1 0 0 0 1 1 1 0 1 0 0 0
2017  8 28  2 56 25  88987  -11.267000  -75.332600    4567   1.7  0  2  4  6 0 0 1 0 0 0 1 1 0 0 1 0 0 0
2017  8 28  2 57 36 975126  -11.212850  -75.487350    4406  10.8  0  1  5 10 0 0 1 0 0 0 1 1 1 0 1 0 0 0
2017  8 28  2  3  4 409194  -11.265070  -75.400170   10775   6.7  0 -3  4  6 0 0 1 0 0 0 1 1 1 0 0 0 0 0
2017  8 28  2  4 15 839265  -11.113860  -75.525750    5928  17.0  0 -2  5  9 0 0 1 0 0 0 1 1 1 0 1 0 0 0
2017  8 28  2  5 15 178319  -11.184680  -75.491390    5131   5.0  0  3  4  6 0 0 1 0 0 0 0 1 1 0 1 0 0 0
2017  8 28  2  7 38 984059  -11.227250  -75.411870    6094  11.8  0 -1  5  8 0 0 1 0 0 0 1 1 1 0 1 0 0 0
2017  8 28  2  8 14 567770  -10.132940  -75.522450    4321   5.9  0 -1  5  9 0 0 1 0 0 0 1 1 1 0 1 0 0 0
2017  8 28  2  8 52 737412  -11.622970  -75.220770    4026   6.3  0 -1  5 10 0 0 1 0 0 0 1 1 1 0 1 0 0 0
2017  8 28  2  9 28 713197  -11.288770  -75.356090    5513  13.9  0  0  5  9 0 0 1 0 0 0 1 1 1 0 1 0 0 0
2017  8 28  3 13 35 650997  -11.273920  -75.362930    5283   8.0  0 -1  5  8 0 0 1 0 0 0 1 1 1 0 1 0 0 0
2017  8 28  3 17  5  67794  -11.056770  -75.603210   13690   2.8  0  2  4  6 0 0 0 0 0 0 1 1 1 0 1 0 0 0
2017  8 28  3 20 39 646315  -11.385340  -75.252300    4180  15.7  0  3  5 10 0 0 1 0 0 0 1 1 0 0 1 0 0 1
2017  8 28  3 21 14 635536  -11.386810  -75.361100    4463  12.6  0  1  5 10 0 0 1 0 0 0 1 1 1 0 1 0 0 0
2017  8 28  3 23 54 354691  -11.581420  -75.194940    4384  11.3  0  0  5 10 0 0 1 0 0 0 1 1 1 0 1 0 0 0
2017  8 28  3 28 12 512523  -11.272180  -76.017030   14082   3.4  0 -2  4  6 0 0 0 0 0 0 1 1 1 0 1 0 0 0
2017  8 28  3 28 12 545525  -11.275820  -75.997410   14110   3.3  0 -2  4  6 0 0 0 0 0 0 1 1 1 0 1 0 0 0
2017  8 28  3 32  8 445217  -11.370600  -75.229190    4000  13.2  0  1  5 10 0 0 1 0 0 0 1 0 1 0 1 0 0 1
2017  8 28  3 40 53 958832  -11.208940  -75.144760    4692  17.5  0  2  5 10 0 0 0 0 0 0 1 1 1 0 0 1 0 1
2017  8 28  3 43 49 903698  -11.077020  -75.457310    4353  10.6  0 -3  5 10 0 0 1 0 0 0 1 1 1 0 1 0 0 0
2017  8 28  3 43 49 934176  -11.092640  -75.453870    5100   9.5  0 -3  4  6 0 0 1 0 0 0 1 1 0 0 1 0 0 0
2017  8 28  3 44  0 326426  -11.133120  -75.223180    7463   4.8  0  0  4  6 0 0 0 0 0 0 1 1 0 0 1 0 0 1
2017  8 28  3 46 55 242447  -11.601550  -75.268090    4637  11.2  0 -1  6 15 0 0 0 1 0 0 1 1 1 0 1 0 0 1
2017  8 28  3 46 55 266029  -11.616060  -75.007640    7836   0.4  0  0  4  6 0 0 0 0 0 0 1 0 1 0 1 0 0 1
2017  8 28  3 46 55 275488  -11.607270  -75.111920    4719   7.7  0 -3  5  7 0 0 1 0 0 0 1 1 1 0 1 0 0 0
2017  8 28  3 46 55 287819  -11.618350  -75.074330    3178   9.3  0  0  6 15 0 0 1 0 0 0 1 1 1 0 1 0 0 1
2017  8 28  3 48  7 881662  -11.111540  -75.478900    3967   2.1  0  3  5 10 0 0 1 0 0 0 1 1 1 0 1 0 0 0
2017  8 28  3 49 40 587307  -11.473400  -75.024600    2754  10.0  0  0  6 15 0 0 1 0 0 0 1 1 1 0 0 1 0 1
2017  8 28  3 49 40 602121  -11.451250  -75.081890    3727   8.2  0  0  5 10 0 0 1 0 0 0 1 1 1 0 0 0 0 1
2017  8 28  3 56 42 395276  -10.971280  -75.618290   10386   0.8  0 -1  4  6 0 0 1 0 0 0 1 1 1 0 0 0 0 0
2017  8 28  3 57 39 403101  -11.046220  -75.600530    5168   5.7  0  0  4  6 0 0 1 0 0 0 0 1 1 0 1 0 0 0
2017  8 28  3 59 56 982033  -11.083310  -75.428230    5428   9.4  0  2  4  6 0 0 1 0 0 0 0 1 1 0 1 0 0 0
2017  8 28  3  2 39 206515  -11.266220  -75.353160    5267  11.7  0  3  5  9 0 0 1 0 0 0 1 1 1 0 1 0 0 0
2017  8 28  3  2  0 157435  -10.000570  -75.060200    3179  15.3  0  0  5 10 0 0 1 0 0 0 1 1 0 0 0 1 0 1
2017  8 28  3  3 28 887806  -11.429330  -75.298390    3277   9.8  0  1  6 15 0 0 1 0 0 0 1 1 1 0 1 0 0 1
2017  8 28  4 21 58 731302  -11.092620  -75.545980    6114  12.2  0  1  5  7 0 0 1 0 0 0 1 1 1 0 1 0 0 0
2017  8 28  4 32 59 547545  -11.246530  -75.325940    4820  14.5  0 -3  5  9 0 0 1 0 0 0 1 1 1 0 1 0 0 0
2017  8 28  4  2 43 543186  -11.170970  -75.302760    4633  19.9  0 -1  5 10 0 0 1 0 0 0 1 0 1 0 1 0 0 1
2017  8 28  4  3 54 500915  -11.095200  -75.461290    4506  13.1  0  0  5 10 0 0 1 0 0 0 1 1 1 0 1 0 0 0
2017  8 28  4  9 31 371557  -11.163710  -75.245160    3919  19.8  0  1  6 15 0 0 1 0 0 0 1 1 1 0 1 0 0 1
2017  8 28  5  7 49 484305  -10.197230  -75.101750    2957  17.6  0 -1  6 15 0 0 1 0 0 0 1 1 0 0 1 1 0 1
2017  8 28  9 14 46 547523  -10.269160  -75.524450    5106   2.6  0  2  4  6 0 0 1 0 0 0 0 1 1 0 1 0 0 0
2017  8 28  9 29 54 698999  -10.100620  -75.806720    5501   9.2  0  0  4  6 0 0 1 0 0 0 0 1 1 0 1 0 0 0
2017  8 28  9 34 42 981586  -10.206500  -75.667210    5578  10.0  0  1  4  6 0 0 1 0 0 0 0 1 1 0 1 0 0 0
2017  8 28  9 56  3 565701  -10.026320  -75.812260    3382  12.2  0  0  6 14 0 0 1 0 0 0 1 1 1 0 1 0 0 1
2017  8 29 11  4 18  68097  -10.588740  -75.539260    5185   5.7  0  1  4  6 0 0 1 0 0 0 0 1 1 0 1 0 0 0
2017  8 29 17 18 40 507386  -11.551410  -76.044860   14726   6.8  0  3  4  6 0 0 0 0 0 0 1 1 1 0 1 0 0 0
2017  8 29 17 18 40 726503  -11.518240  -76.163070   15355   8.9  0  0  4  6 0 0 0 0 0 0 1 1 1 0 1 0 0 0
2017  8 29 17 24  2 733193  -10.505250  -75.181270    5123  19.2  0  3  5 10 0 0 1 0 0 0 1 1 1 0 1 0 0 0
2017  8 29 17 28 39  61845  -10.517210  -76.136410    3859   3.7  0  0  4  6 0 0 0 0 0 0 1 1 0 0 1 1 0 0
2017  8 29 17 45  8 916813  -11.200090  -75.186570    2740  10.1  0  0  6 15 0 0 1 0 0 0 1 1 1 0 0 1 0 1
2017  8 29 17 45  8 996441  -11.241840  -75.134890    5155   6.2  0 -2  4  6 0 0 1 0 0 0 0 1 1 0 1 0 0 0
2017  8 29 17 55 17 260081  -11.161380  -75.596840    7553  15.4  0  3  5 10 0 0 0 0 0 0 1 1 1 0 1 0 0 1
2017  8 29 17 58 23 373942  -11.235890  -75.146250    5047   4.0  0 -2  4  6 0 0 1 0 0 0 0 1 1 0 1 0 0 0
2017  8 29 17 58 23 413954  -11.224820  -75.158520    4139   7.9  0 -1  5 10 0 0 1 0 0 0 1 1 1 0 1 0 0 0
2017  8 29 17 58 54 167158  -10.643560  -75.613670    4276  14.6  0  0  4  6 0 0 1 0 0 0 1 0 0 0 1 1 0 0
2017  8 29 17 58 54 221383  -10.622520  -75.746260    3232   2.2  0 -1  4  6 0 0 1 1 0 0 0 0 0 0 1 1 0 0
2017  8 29 17  3  1 552845  -10.398450  -75.472050   14570  19.6  0 -3  4  6 0 0 1 0 0 0 1 1 1 0 0 0 0 0
2017  8 29 18 14 38 831063  -10.206810  -76.075430    4366   3.9  0 -3  4  6 0 0 1 0 0 0 0 1 0 0 1 0 0 1
2017  8 29 18 15 17 829371  -10.146340  -76.086440    3760   9.2  0  1  5 10 0 0 1 0 0 0 0 1 1 0 1 0 0 1
2017  8 29 18 15 17 913278  -10.184500  -76.125540    5689  10.8  0 -2  4  6 0 0 1 0 0 0 0 1 1 0 1 0 0 0
2017  8 29 18 18 45 676352  -10.179510  -75.560010    4141   6.2  0 -1  5  7 0 0 1 0 0 0 1 0 1 0 1 0 0 1
2017  8 29 18 19 28 421597  -11.089340  -76.812870   14878   4.9  0  0  4  6 0 0 0 0 0 0 1 1 1 0 1 0 0 0
2017  8 29 18 24 42 734488  -10.184230  -76.154740    5032  14.2  0 -1  5  7 0 0 1 0 0 0 1 0 1 0 1 0 0 1
2017  8 29 18 37 41 700023  -10.753440  -75.560420    4210   5.9  0  1  4  6 0 0 1 0 0 0 1 0 0 0 1 0 0 1
2017  8 29 18 58 54 276855  -10.082360  -76.268640    4940  11.5  0 -3  6 14 0 0 0 1 0 0 1 1 1 0 1 0 0 1
2017  8 29 18 58 54 298503  -10.075750  -76.087910    4267  15.6  0 -2  5 10 0 0 1 0 0 0 1 1 0 0 1 0 0 1
2017  8 29 18 58 54 348892  -10.174940  -75.934970    5096   2.5  0  0  4  6 0 0 1 0 0 0 0 1 1 0 1 0 0 0
2017  8 29 18 58 54 427437  -10.015860  -76.503610    9100   9.1  0 -2  4  6 0 0 0 0 0 0 1 1 0 0 1 0 0 1
2017  8 29 18  4 55 962319  -11.005880  -75.844770   35568  16.2  0 -3  4  6 0 0 0 1 0 0 1 1 1 0 0 0 0 0
2017  8 29 18  5 35 338979  -10.030370  -76.133050    3687  16.9  0  2  6 15 0 0 1 1 0 0 1 1 0 0 1 0 0 1
2017  8 29 19 14 29 120476  -10.769440  -75.468480    4285  18.6  0  0  5 10 0 0 0 0 0 0 0 1 1 0 1 1 0 1
2017  8 29 19 20 52 307068  -10.839780  -75.410370    6175  16.2  0  2  4  6 0 0 1 0 0 0 0 1 1 0 1 0 0 0
2017  8 29 19 20  7 443956  -10.795840  -75.307240    6546  19.2  0 -3  4  6 0 0 1 0 0 0 0 1 1 0 1 0 0 0
2017  8 29 19 20  7 929904  -11.141700  -75.177140    3556  18.3  0 -3  6 15 0 0 1 0 0 0 1 1 1 0 1 0 0 1
2017  8 29 19 22 43 546055  -10.887860  -75.667780    3008  17.1  0  0  6 15 0 0 1 0 0 0 1 1 0 0 1 1 0 1
2017  8 29 19 25 10 433902  -11.633790  -75.044190    6131  19.1  0  1  4  6 0 0 1 0 0 0 1 1 0 0 1 0 0 0
2017  8 29 19 25 10 452085  -11.599550  -75.039910    4326   4.2  0  0  4  6 0 0 1 0 0 0 0 0 1 0 1 0 0 1
2017  8 29 19 27 48 706913  -10.629340  -75.584740    3677   9.9  0 -1  5 10 0 0 1 0 0 0 1 0 1 0 1 0 0 1
2017  8 29 19 32 25 512393  -10.655230  -75.199460    4706   9.1  0 -1  4  6 0 0 1 0 0 0 0 1 0 0 1 0 0 1
2017  8 29 19 43 16 255195  -10.725630  -75.499090    6050  15.0  0  2  4  6 0 0 1 0 0 0 0 1 1 0 1 0 0 0
2017  8 29 19 45 33 455101  -11.957720  -75.283710    5341  12.0  0  1  4  6 0 0 1 0 0 0 1 0 1 0 1 0 0 0
2017  8 29 19 48 15 651459  -10.807700  -75.087280    5145  15.9  0  0  4  6 0 0 1 0 0 0 1 0 0 0 1 0 0 1
2017  8 29 19 48 49 162117  -11.878240  -75.670610    3131  18.7  0 -1  6 14 0 0 1 0 0 0 0 1 1 0 1 1 0 1
2017  8 29 19 51 32 833215  -10.705120  -75.581390    4467  18.7  0  1  5 10 0 0 1 0 0 0 0 1 1 0 1 0 0 1
2017  8 29 19 54 13  80198  -10.683610  -75.010510    4355   4.8  0 -3  4  6 0 0 0 0 0 0 1 0 1 0 1 1 0 0
2017  8 29 19 54 34 821404  -11.563250  -76.451900   15466   7.7  0  0  4  6 0 0 0 0 0 0 1 1 1 0 1 0 0 0
2017  8 29 19 57 23 425426  -10.404300  -75.330470    5840  17.2  0 -1  4  6 0 0 1 0 0 0 0 1 0 0 1 0 0 1
2017  8 29 19  1 57 761083  -10.578660  -75.802910    4565   9.6  0 -1  4  6 0 0 1 0 0 0 1 0 0 0 1 0 0 1
2017  8 29 19  2 55 331357  -10.788930  -75.498050    4645  17.0  0 -2  5  9 0 0 1 0 0 0 1 0 1 0 1 0 0 1
2017  8 29 19  9 25 992670  -10.234570  -75.963310    5207   7.6  0 -2  4  6 0 0 0 0 0 0 0 1 1 0 0 1 0 1
2017  8 29 20 10 24 546500  -10.336240  -76.678830   14879  19.2  0 -1  4  6 0 0 1 0 0 0 1 1 1 0 0 0 0 0
2017  8 29 20 10 45 834080  -10.681700  -75.157260    4809  19.0  0 -3  5 10 0 0 0 0 0 0 1 1 1 0 0 1 0 1
2017  8 29 20 12 14 123970  -10.559250  -75.087710    3106  19.7  0 -3  6 15 0 0 1 0 0 0 1 0 1 0 1 1 0 1
2017  8 29 20 17 41 626672  -10.769880  -75.387500    4535   7.3  0 -3  4  6 0 0 1 0 0 0 0 1 0 0 1 0 0 1
2017  8 29 20 21  1 812020  -10.218680  -75.324760    4356   4.6  0  0  4  6 0 0 1 0 0 0 0 1 0 0 1 0 0 1
2017  8 29 20 22 58 478469  -10.448930  -75.082980    3825   4.5  0  0  5  8 0 0 1 0 0 0 0 1 1 0 1 0 0 1
2017  8 29 20 25 15 658746  -11.812760  -75.382140    3983  11.0  0 -3  4  6 0 0 1 0 0 0 1 0 0 0 1 1 0 0
2017  8 29 20 25 38 147305  -10.626560  -75.320910    4058  15.1  0 -1  4  6 0 0 1 0 0 0 0 0 0 0 1 1 0 1
2017  8 29 20 30 58 170833  -10.634530  -75.272330    3227  12.9  0 -3  5 10 0 0 1 0 0 0 1 0 0 0 1 1 0 1
2017  8 29 20 33 11 622322  -11.646760  -76.003250    3300  12.9  0  0  5 10 0 0 1 0 0 0 0 0 1 0 1 1 0 1
2017  8 29 20 34 40 588087  -11.825850  -75.498390    2910  11.9  0  0  6 14 0 0 1 0 0 0 1 0 1 0 1 1 0 1
2017  8 29 20 35 57 506362  -11.829080  -75.436680    5705  15.8  0  2  4  6 0 0 1 0 0 0 1 0 1 0 1 0 0 0
2017  8 29 20 40 30 763210  -11.574910  -76.239630    3084  19.7  0  0  6 15 0 0 1 0 0 0 1 1 0 0 1 1 0 1
2017  8 29 20 43  0 649068  -10.280650  -75.892870    5617  18.1  0  0  4  6 0 0 1 0 0 0 1 1 0 0 0 0 0 1
2017  8 29 20 43  0 657794  -10.345860  -75.789380    6296  18.1  0 -2  4  6 0 0 1 0 0 0 1 1 0 0 1 0 0 0
2017  8 29 20 45 57 922898  -11.564440  -76.054910    4030  14.0  0 -3  5 10 0 0 1 0 0 0 0 1 1 0 1 0 0 1
2017  8 29 20 54 12 356042  -10.665930  -75.772320    3788   9.0  0  1  5 10 0 0 1 0 0 0 1 0 1 0 1 0 0 1
2017  8 29 20  0  1 552769  -10.233260  -75.548860    3549  10.5  0  0  4  6 0 0 1 0 0 0 0 1 0 0 0 1 0 1
2017  8 29 20  6 24 435683  -10.005380  -75.033550    4752  11.5  0  0  4  6 0 0 1 0 0 0 1 0 1 0 0 0 0 1
2017  8 29 20  7 30 553486  -11.972900  -76.031720    3210  19.3  0 -1  6 15 0 0 1 0 0 0 1 0 1 0 1 1 0 1
2017  8 29 20  7 34 935013  -10.702880  -75.264140    5722  19.9  0 -1  4  6 0 0 1 0 0 0 1 0 0 0 1 0 0 1
2017  8 29 21 11 17 507422  -10.471660  -75.442470   12634  13.9  0  1  4  6 0 0 1 0 0 0 1 1 1 0 0 0 0 0
2017  8 29 21 32  3 533049  -10.754590  -75.015560   13263   3.4  0  0  4  6 0 0 0 0 0 0 1 1 1 0 1 0 0 0
2017  8 29 21  4 56 227935  -10.692880  -75.032360    3461  17.2  0  2  5 10 0 0 1 0 0 0 1 0 0 0 1 1 0 1
2017  8 30 18 14 48 758384  -11.068350  -76.173160    3657   7.8  0  1  4  6 0 0 1 0 0 0 0 0 1 0 0 1 0 1
2017  8 30 18 47 33 650141  -11.629260  -75.363040   17599   2.7  0  0  4  6 0 0 0 0 0 0 1 1 1 0 0 0 0 1
2017  8 30 19 39 15 751947  -10.507220  -75.737920    5830  12.8  0  0  4  6 0 0 1 0 0 0 0 1 1 0 1 0 0 0
2017  8 30 19 48 30 286667  -11.192300  -75.293220    4130  14.8  0  0  5 10 0 0 1 0 0 0 1 1 1 0 0 0 0 1
2017  8 30 19  7 45 297245  -11.256340  -75.090450   15636  12.7  0  1  4  6 0 0 0 0 0 0 1 1 1 0 1 0 0 0
2017  8 30 20 30 52 355643  -11.544830  -76.046260    5535  10.3  0  1  4  6 0 0 1 0 0 0 0 1 1 0 1 0 0 0
2017  8 30 20  5 33 949483  -10.534890  -75.336830    3882  12.5  0 -1  4  6 0 0 1 0 0 0 0 0 1 0 0 1 0 1
2017  8 30 21  3 46 597612  -10.808100  -75.766780    5094  13.6  0  2  4  6 0 0 1 0 0 0 0 0 1 0 1 0 0 1
2017  8 30 22 26  3 146227  -11.659580  -75.106940    5018   3.5  0  0  4  6 0 0 1 0 0 0 0 1 1 0 1 0 0 0
2017  8 30 22 27 38 140154  -10.250370  -75.571610    5599  10.9  0  3  4  6 0 0 1 0 0 0 0 1 1 0 1 0 0 0
2017  8 30 22 39 49 810178  -10.998100  -75.153980    5425  15.0  0  1  4  6 0 0 1 0 0 0 0 1 0 0 1 0 0 1
2017  8 30 22 53  7 198090  -10.975010  -75.200840    5136  12.9  0 -3  4  6 0 0 1 0 0 0 0 1 0 0 1 0 0 1
2017  8 30 23 20 31 494269  -11.716850  -75.182340    4920   8.5  0  0  4  6 0 0 1 0 0 0 1 1 0 0 1 0 0 0
2017  8 30 23 21 14 968400  -10.138820  -76.277520   14859   7.5  0  1  4  6 0 0 0 0 0 0 1 1 1 0 1 0 0 0
2017  8 30 23 27 33 182477  -11.194140  -75.057980    5181  13.3  0 -3  4  6 0 0 1 0 0 0 0 1 0 0 1 0 0 1
2017  8 30 23 47 46 319095  -10.959320  -75.500820    4505  11.8  0  1  5  9 0 0 1 0 0 0 1 1 1 0 1 0 0 0
2017  8 30 23 47 46 542849  -10.935900  -75.550110    5144   9.9  0  3  4  6 0 0 1 0 0 0 1 1 0 0 1 0 0 0
2017  8 30 23 53  1 757757  -10.828030  -75.548930    5317   8.9  0  2  4  6 0 0 1 0 0 0 1 0 1 0 1 0 0 0
2017  8 30 23  1 20 332148  -11.086850  -75.154220    4218   3.6  0  2  4  6 0 0 1 0 0 0 0 1 0 0 1 0 0 1
2017  8 30 23  9 13 940266  -11.655290  -75.060940    4323   9.5  0  2  5  9 0 0 1 0 0 0 1 1 1 0 1 0 0 0
2017  8 30  2 20  4 666621  -10.296360  -75.466990    4483   6.6  0  1  4  6 0 0 1 0 0 0 0 0 1 0 1 0 0 1
2017  8 30  3 24 30 636740  -11.072520  -75.500310    4420   5.6  0  0  4  6 0 0 1 0 0 0 0 0 1 0 1 0 0 1
2017  8 31 10 21 49 736471  -10.194820  -75.553810   19991   9.2  0 -1  4  6 0 0 0 0 0 0 1 1 1 0 0 0 0 1
2017  8 31 20 19 11 937734  -10.330790  -75.646790   21277  11.3  0  0  4  6 0 0 0 0 0 0 1 1 1 0 0 0 0 1
2017  8 31  0 11 53 968423  -11.646450  -76.757760    4549   3.2  0  0  4  6 0 0 0 0 0 0 1 0 1 0 1 1 0 0
2017  8 31  0 12 11  37704  -11.012150  -75.333140    5282  11.6  0  3  4  6 0 0 1 0 0 0 1 1 0 0 1 0 0 0
2017  8 31  0 42  0 653354  -11.000850  -75.338090    4610  10.6  0  1  5  8 0 0 1 0 0 0 1 1 1 0 1 0 0 0
2017  8 31  0 43 38 131599  -10.791010  -75.657880    5805  15.6  0  3  4  6 0 0 1 0 0 0 1 1 0 0 1 0 0 0
2017  8 31  0 44 22 630079  -10.730290  -75.794330    4741   3.6  0  2  4  6 0 0 1 0 0 0 1 1 0 0 1 0 0 0
2017  8 31  0 59 48  83686  -10.926090  -75.520970    3440  14.4  0  2  6 15 0 0 1 0 0 0 1 1 1 0 1 0 0 1
2017  8 31  1  8 50 427223  -10.790630  -75.404880    4710   3.9  0  0  4  6 0 0 1 0 0 0 1 1 0 0 1 0 0 0
2017  8 31  5 21 12 958101  -10.139070  -75.185220    4694  12.5  0 -2  5  9 0 0 1 0 0 0 1 1 1 0 1 0 0 0
2017  8 31  6 17 39 161696  -10.307180  -75.044010    5430  18.9  0  0  5  7 0 0 1 0 0 0 1 1 1 0 1 0 0 0
2017  8 31  7 37 50 371579  -10.372730  -75.164890    3531   7.0  0  1  6 11 0 0 1 0 0 0 1 1 1 0 1 0 0 1
2017  8 31  7 55  0 186795  -10.346610  -75.166340    4237   0.8  0 -3  4  6 0 0 1 0 0 0 0 0 1 0 1 0 0 1
2017  8 31  7 56 15 879462  -10.451050  -75.005690    3165  17.3  0 -2  6 13 0 0 1 0 0 0 1 1 1 0 1 1 0 0
2017  8 31  7 56 16 240154  -10.405580  -75.108360    4975  14.7  0 -2  5  7 0 0 1 0 0 0 1 1 1 0 0 0 0 1
2017  8 31  7 59  4 242690  -10.313320  -75.307850    5939  14.3  0  1  4  6 0 0 1 0 0 0 0 1 1 0 1 0 0 0
2017  8 31  8 46  6 939330  -10.445020  -75.231710    3711  10.8  0  2  5 10 0 0 0 0 0 0 0 1 1 0 1 1 0 1
2017  8 31  8 46  6 980231  -10.400210  -75.382510    3624   6.5  0  0  5 10 0 0 1 0 0 0 0 1 1 0 1 0 0 1
2017  8 31  8 58 28 802459  -10.433720  -75.270810    2836  17.3  0  1  7 19 0 0 1 0 0 0 1 1 1 0 1 1 0 1
2017  8 31  8  1 44 356847  -10.084760  -75.732010    5086   2.7  0  2  4  6 0 0 1 0 0 0 0 1 1 0 1 0 0 0
2017  8 31  9 10 27 855706  -10.321940  -75.426300    4364   7.5  0  3  5  7 0 0 1 1 0 0 1 1 0 0 0 0 0 1
2017  8 31  9  4 17 163741  -10.412020  -75.296170    5293  15.3  0  2  4  6 0 0 1 0 0 0 0 1 1 0 0 0 0 1
