2016  9  1 16 58 28 227689  -10.433380  -76.138250    4570   4.7  0  1  4  6 0 0 1 0 0 0 0 1 1 0 0 0 0 1
2016  9  1 18 22 28 277714  -11.386810  -75.030040    2778   7.0  0 -3  6 11 0 0 1 0 1 0 0 1 1 0 0 1 0 1
2016  9  1 18 22 28 293216  -11.394540  -75.018700    3182   3.1  0 -3  4  6 0 0 1 0 1 0 0 1 0 0 0 1 0 0
2016  9  1 18  0 35 816142  -11.301190  -75.193930    3280   6.1  0 -3  4  6 0 0 1 0 0 0 0 1 0 0 0 1 0 1
2016  9  1 19 30  8 266836  -10.768830  -75.463270    3492  19.6  0  0  5 10 0 0 1 0 1 0 0 0 1 0 0 1 0 1
2016  9  1 20  3  1 795710  -11.788230  -75.781020    3013  11.4  0 -1  5 10 0 0 1 0 1 0 0 1 0 0 0 1 0 1
2016  9  2 22 27  0 135891  -10.963990  -75.762700    3601    11  0  3  4  6 0 0 1 0 0 0 0 1 0 0 0 1 0 1
2016  9  3 20 19 35 987550  -10.142310  -76.268760    5966  19.9  0  0  4  6 0 0 1 0 0 0 0 1 1 0 0 0 0 1
2016  9  3 20 26  6 807069  -10.110480  -76.186000    5422  15.1  0 -2  4  6 0 0 1 0 0 0 0 1 1 0 0 0 0 1
2016  9  3 20 51 19 330079  -10.058170  -76.199420    3187   1.2  0  0  4  6 0 0 1 0 0 0 0 1 0 0 0 1 0 1
2016  9  3 20 59 33 885737  -10.331870  -76.090970    3205   2.9  0  0  4  6 0 0 1 0 0 0 0 1 0 0 0 1 0 1
2016  9  3 21 20 32 984754  -10.212060  -76.303250    4366  18.1  0  0  4  6 0 0 1 0 0 0 0 0 1 0 0 1 0 1
2016  9  3 21 38 13 980041  -10.877950  -75.604880    5738  12.4  0  0  4  6 0 0 0 0 0 0 0 1 1 0 0 1 0 1
2016  9  3 21  2 52 605169  -10.988780  -75.384940    3318  17.2  0 -1  5 10 0 0 1 0 0 0 0 1 1 0 0 1 0 1
2016  9  4 15 10 32 525578  -10.618920  -75.019850    3000   9.1  0  0  5 10 0 0 1 0 0 0 0 1 1 0 0 1 0 1
2016  9  4 17 13 39 216293  -10.438370  -75.112140    2945   6.3  0  0  5 10 0 0 1 0 0 0 0 1 1 0 0 1 0 1
2016  9  4 20 48 19  12231  -10.008190  -75.003190    3627  12.1  0 -1  4  6 0 0 1 0 0 0 0 1 0 0 0 1 0 1
2016  9  4 20 52  7 547227  -10.757580  -75.801450    5487  16.3  0  0  4  6 0 0 1 0 0 0 0 1 1 0 0 0 0 1
2016  9  6 21 18 48 245819  -10.135650  -76.846530    3802  14.5  0  0  4  6 0 0 1 1 0 0 0 0 0 0 0 1 0 1
2016  9  6 21 35 12 583754  -10.470800  -76.666040    4509   7.2  0 -1  4  6 0 0 1 1 1 0 0 0 1 0 0 0 0 0
2016  9  6 21 42 23 682426  -10.121010  -76.695600    2828   5.7  0  0  5 10 0 0 1 1 1 0 0 0 0 0 0 1 0 1
2016  9  6 22 12  2 788875  -10.170760  -76.153320    3402   7.2  0 -2  4  6 0 0 1 0 0 0 0 1 0 0 0 1 0 1
2016  9  6 22 33 40 625036  -10.238380  -76.457700    4989  17.4  0 -2  5 10 0 0 0 1 1 0 0 1 0 0 0 1 0 1
2016  9  6 22 43 59 985199  -10.014700  -76.274440    3189   1.0  0  0  4  6 0 0 1 0 0 0 0 1 0 0 0 1 0 1
2016  9  6 22  0  3 874516  -10.253540  -76.708060    3257   5.4  0  2  4  6 0 0 1 1 0 0 0 0 0 0 0 1 0 1
2016  9  6 22  1 48 469897  -10.095770  -76.258860    3356   6.3  0  0  4  6 0 0 1 0 0 0 0 1 0 0 0 1 0 1
2016  9  6 22  7 16 270911  -10.342330  -76.769770    3563  11.0  0 -2  4  6 0 0 1 1 1 0 0 0 0 0 0 1 0 0
2016  9  6 22  8  4   3372  -10.161780  -76.698860    3608  11.6  0  1  4  6 0 0 1 1 1 0 0 0 0 0 0 1 0 0
2016  9  6 23 10 29 111541  -10.683370  -76.168740    2838   7.0  0  3  5 10 0 0 1 1 1 0 0 0 0 0 0 1 0 1
2016  9  6 23 10 54 903679  -11.280110  -75.694170    3646  12.0  0 -1  4  6 0 0 1 0 0 0 0 1 0 0 0 1 0 1
2016  9  6 23 12 51 131864  -10.044100  -76.657210    3181  15.4  0  1  5 10 0 0 1 1 0 0 0 1 0 0 0 1 0 1
2016  9  6 23 14 55 835935  -10.616680  -76.225830    5148  11.1  0  0  4  6 0 0 1 1 0 0 0 1 0 0 0 0 0 1
2016  9  6 23 17  5 830388  -11.117960  -76.064220    3064  12.3  0 -3  5 10 0 0 1 0 1 0 0 1 0 0 0 1 0 1
2016  9  6 23 23 44 339396  -10.790090  -76.240680    5307  18.5  0  0  5 10 0 0 0 1 0 0 0 1 1 0 0 1 0 1
2016  9  6 23 23 44 350270  -10.726400  -76.137760    3228  17.6  0  0  5 10 0 0 1 1 1 0 0 0 0 0 0 1 0 1
2016  9  6 23  2  9 349931  -11.174330  -76.048560    3779  12.0  0 -1  5 10 0 0 1 1 1 0 0 0 1 0 0 0 0 1
2016  9  6 23  6 23 640450  -11.199580  -76.060070    3502   5.8  0 -2  5 10 0 0 1 1 1 0 0 0 1 0 0 0 0 1
2016  9  7 22 32  4 903170  -11.483040  -76.032420    4527   7.6  0 -2  4  6 0 0 1 1 1 0 0 0 1 0 0 0 0 0
2016  9  7  0  4  4 210980  -10.944300  -76.364230    4082   4.8  0  3  5  8 0 0 1 1 1 0 0 1 0 0 0 0 0 1
2016  9  8 21 11  0  33534  -11.368180  -76.299900    3207   4.8  0  1  4  6 0 0 1 1 0 0 0 0 0 0 0 1 0 1
2016  9  8 21 11  0  48367  -11.224870  -76.437030    4716   9.9  0  0  4  6 0 0 1 1 0 0 0 0 1 0 0 0 0 1
2016  9  8 21 11  0  95623  -11.257900  -75.996690    5715  18.9  0  0  5 10 0 0 0 1 1 0 0 0 1 0 0 1 0 1
2016  9  8 21 24 10 580165  -11.041770  -76.668660    4669  18.9  0  0  5 10 0 0 1 1 1 0 0 1 1 0 0 0 0 0
2016  9  8 21 24 10 869120  -11.408280  -76.313420    3261   5.8  0  0  4  6 0 0 1 1 1 0 0 0 0 0 0 1 0 0
2016  9  8 21 24 11 466900  -11.456570  -75.920600    3178   2.2  0 -2  4  6 0 0 1 0 0 0 0 1 0 0 0 1 0 1
2016  9  8 21 52 31 437201  -11.515880  -76.029400    4260   1.6  0 -2  4  6 0 0 1 1 1 0 0 0 1 0 0 0 0 0
2016  9  8 21  3 17 670258  -11.392430  -76.213390    3603  12.3  0 -2  4  6 0 0 1 1 0 0 0 0 0 0 0 1 0 1
2016  9  8 21  4  5 549937  -11.400510  -76.243750    3158  15.0  0  0  5 10 0 0 1 1 0 0 0 1 0 0 0 1 0 1
2016  9  8 21  5 39 268698  -11.218330  -76.454120    5272  12.4  0  0  4  6 0 0 1 0 0 0 0 1 1 0 0 0 0 1
2016  9  8 21  9 19 281160  -11.371230  -76.315380    3401   1.3  0 -1  5 10 0 0 1 1 1 0 0 1 0 0 0 0 0 1
2016  9  8 22 19 39 555528  -10.609350  -75.129680    6703   8.8  0 -1  4  6 0 0 0 1 0 0 0 1 1 0 0 1 0 0
2016  9  8 22 19 44 331024  -11.049960  -76.438530    4682   7.0  0 -1  4  6 0 0 1 1 0 0 0 1 0 0 0 0 0 1
2016  9  8 22 21 24 492798  -10.679120  -75.294530    8342  16.7  0 -3  4  6 0 0 0 1 0 0 0 1 1 0 0 1 0 0
2016  9  8 22 25 50 724903  -11.098060  -76.381900    3493  10.3  0  1  4  6 0 0 1 1 0 0 0 0 0 0 0 1 0 1
2016  9  8 22 26 13 156122  -11.083780  -76.369780    3571  11.3  0  0  4  6 0 0 1 1 0 0 0 0 0 0 0 1 0 1
2016  9  8 22 27 24 719522  -11.310600  -76.579050    3915  16.4  0 -2  4  6 0 0 1 1 1 0 0 0 0 0 0 1 0 0
2016  9  8 23 21 40 723758  -11.189750  -76.833820    6710  11.6  0  1  4  6 0 0 0 1 0 0 0 0 1 0 0 1 0 1
2016  9  8 23 29 57 179575  -11.009930  -76.278960    3509   9.6  0  0  4  6 0 0 1 0 0 0 0 1 0 0 0 1 0 1
2016  9 10 20 29  7 489755  -11.174270  -75.253290    5166  13.6  0 -1  4  6 0 0 1 0 0 0 0 1 1 0 0 0 0 1
2016  9 10 20 37 36 726136  -11.255890  -75.159070    3615  17.9  0 -1  5  9 0 0 1 0 0 0 0 1 1 0 0 1 0 1
2016  9 10 20 59  2  75754  -10.992630  -75.407240    4390  19.5  0  0  5 10 0 0 1 0 1 0 0 1 1 0 0 0 0 1
2016  9 13 21 54  2 998414  -10.532160  -75.110530   13480  16.6  0  2  4  6 0 0 1 0 0 0 1 1 1 0 0 0 0 0
2016  9 14 20  6  7 926770  -10.045030  -75.439460    3333   8.2  0  0  4  6 0 0 1 1 0 0 0 0 0 0 0 1 0 1
2016  9 15 10 12 35 356806  -10.274240  -75.076380    4474   3.7  0  2  4  6 0 0 1 0 0 0 0 1 1 0 0 0 0 1
2016  9 15 10 13 37 597138  -10.326340  -75.050580    3217   4.1  0  2  4  6 0 0 1 0 0 0 0 1 0 0 0 1 0 1
2016  9 15 10 15 27 825835  -10.066710  -75.014170    3268   6.0  0  3  4  6 0 0 1 0 0 0 0 1 0 0 0 1 0 1
2016  9 15 10 27 47 970930  -10.227450  -75.108130    3917  12.3  0  1  5 10 0 0 1 1 0 0 0 1 1 0 0 0 0 1
2016  9 15 10 30 14 307674  -10.970380  -75.355610    5201  10.8  0  0  4  6 0 0 1 1 0 0 0 1 1 0 0 0 0 0
2016  9 15 10 35 11  67374  -10.358450  -75.201100    3187   3.1  0 -1  4  6 0 0 1 0 0 0 0 1 0 0 0 1 0 1
2016  9 15 10 45 52 726032  -10.054600  -75.173450    6071  18.0  0 -1  4  6 0 0 1 1 0 0 0 1 0 0 0 0 0 1
2016  9 15 10 47 31 627490  -10.002710  -75.264640    3487   4.6  0  1  5 10 0 0 1 1 0 0 0 1 1 0 0 0 0 1
2016  9 15 10 49 12 154846  -10.051060  -75.688590    5610  14.5  0 -2  4  6 0 0 1 1 0 0 0 1 1 0 0 0 0 0
2016  9 15 10 49 39 189748  -11.091980  -75.073230    2924   5.9  0  1  5 10 0 0 1 0 0 0 0 1 1 0 0 1 0 1
2016  9 15 10 53  3 423586  -10.059440  -75.448110    3620  12.8  0  2  4  6 0 0 1 1 0 0 0 1 0 0 0 1 0 0
2016  9 15 10 57  7 227955  -10.037100  -75.523510    3676  13.5  0  0  4  6 0 0 1 1 0 0 0 1 0 0 0 1 0 0
2016  9 15 10  0 51 280483  -10.427160  -75.096050    5050  13.0  0  1  4  6 0 0 1 0 0 0 0 1 1 0 0 0 0 1
2016  9 15 11 10 28 865530  -11.112710  -75.426610    5318  18.0  0 -2  5 10 0 0 0 1 1 0 0 0 1 0 0 1 0 1
2016  9 15 11 11 11 226366  -10.033120  -75.368550    4036  14.2  0  1  5 10 0 0 1 1 0 0 0 1 1 0 0 0 0 1
2016  9 15 11 12 14 853427  -11.069640  -75.473610    3963  15.8  0 -3  5 10 0 0 1 1 1 0 0 0 1 0 0 0 0 1
2016  9 15 11 15 42 619809  -10.293290  -75.501080    2747   3.8  0  0  5 10 0 0 1 1 0 0 0 1 0 0 0 1 0 1
2016  9 15 11 19  0  80078  -10.394130  -75.368520    3331   7.9  0  0  4  6 0 0 1 1 0 0 0 1 0 0 0 1 0 0
2016  9 15 11 21 52  57040  -11.009850  -75.347280    2693  15.5  0 -3  7 20 0 0 1 1 1 0 0 1 1 0 0 1 0 1
2016  9 15 11 24 14 216107  -10.624740  -75.187810    3112   2.4  0  2  4  6 0 0 1 1 0 0 0 0 0 0 0 1 0 1
2016  9 15 11 24 15  52261  -10.623830  -75.191600    3553   8.5  0 -1  4  6 0 0 1 1 0 0 0 0 1 0 0 1 0 0
2016  9 15 11 25 55 929446  -10.402740  -75.238850    3268   5.4  0  0  4  6 0 0 1 0 0 0 0 1 0 0 0 1 0 1
2016  9 15 11 35 42   3293  -10.679550  -75.110300    3974  16.0  0  2  5 10 0 0 1 1 1 0 0 0 1 0 0 0 0 1
2016  9 15 11 37 26  31969  -10.700880  -75.202020    4231  16.2  0  3  5 10 0 0 1 1 1 0 0 1 1 0 0 0 0 0
2016  9 15 11 38 39 968299  -10.664760  -75.058840    4081  12.5  0  0  5  9 0 0 1 1 0 0 0 1 1 0 0 0 0 1
2016  9 15 11 42 22 651911  -10.406290  -75.103010    4110  18.6  0 -3  4  6 0 0 1 0 0 0 0 1 0 0 0 1 0 1
2016  9 15 11 44 52 451684  -10.133170  -75.367400    5921  17.0  0 -3  4  6 0 0 1 1 0 0 0 1 1 0 0 0 0 0
2016  9 15 11 46  7   1602  -10.000990  -75.457510    3035   9.1  0  3  5 10 0 0 1 0 1 0 0 0 1 0 0 1 0 1
2016  9 15 11 50 22  69592  -10.578790  -75.172290    4407   4.8  0  0  4  6 0 0 1 1 0 0 0 1 0 0 0 0 0 1
2016  9 15 11 50 23 233461  -10.667480  -75.097160    4610  15.2  0  0  5 10 0 0 0 1 0 0 0 1 1 0 0 1 0 1
2016  9 15 11 59 48  12958  -10.090010  -75.532560    3294  12.5  0 -1  5  8 0 0 1 1 0 0 0 0 1 0 0 1 0 1
2016  9 15 11  8  4 900971  -10.022190  -75.399720    5967  17.1  0  1  4  6 0 0 1 1 0 0 0 1 0 0 0 0 0 1
2016  9 15 12  4 45 564197  -10.440810  -75.615540    4479   1.1  0 -1  4  6 0 0 1 0 1 0 0 1 1 0 0 0 0 0
2016  9 15 14 33  0 739174  -11.341740  -75.529140   18853  19.9  0  1  4  6 0 0 0 1 0 0 0 1 1 0 0 0 0 1
2016  9 15 19 51 29 321924  -10.038770  -75.145540    4777   5.6  0  1  4  6 0 0 1 1 0 0 0 1 1 0 0 0 0 0
2016  9 15 20 33 16 803877  -11.305120  -75.393700    4671   1.9  0 -3  4  6 0 0 1 1 0 0 0 1 1 0 0 0 0 0
2016  9 15 21 27 59 502729  -10.037530  -76.267590    3900  16.0  0  0  6 15 0 0 0 1 1 0 0 1 1 0 0 1 0 1
2016  9 15 21 27 59 513121  -10.110410  -76.465680    3156  15.1  0  0  5 10 0 0 1 1 0 0 0 1 0 0 0 1 0 1
2016  9 15 21 46 21 665924  -11.164630  -76.923520    4807   1.4  0  1  4  6 0 0 1 1 0 0 0 1 1 0 0 0 0 0
2016  9 15  1 19 41 378792  -11.669170  -75.151640    4814   1.5  0  3  4  6 0 0 0 0 0 0 0 1 1 0 0 1 0 1
2016  9 15  1 20  4  79875  -11.546110  -75.206610    3121  10.9  0  3  5 10 0 0 1 0 0 0 0 1 1 0 0 1 0 1
2016  9 15  1 21  3 291569  -11.524630  -75.247630    3265  16.6  0  3  5 10 0 0 1 1 0 0 0 0 1 0 0 1 0 1
2016  9 15  1 23 47 616892  -11.351920  -75.257420    3492   5.0  0  3  4  6 0 0 1 0 0 0 0 0 1 0 0 1 0 1
2016  9 15  1 25 19 677475  -10.926010  -75.040180    3068  11.8  0  1  5 10 0 0 1 1 0 0 0 0 1 0 0 1 0 1
2016  9 15  1 25 32 823693  -11.155640  -75.211420    3751  15.2  0  0  4  6 0 0 1 1 1 0 0 0 0 0 0 1 0 0
2016  9 15  1 30 27 731185  -11.030640  -75.086330    3586   7.7  0  2  4  6 0 0 1 0 0 0 0 0 1 0 0 1 0 1
2016  9 15  1 32 22 336685  -11.498270  -75.295370    3412  18.4  0  3  5 10 0 0 1 0 1 0 0 0 1 0 0 1 0 1
2016  9 15  1 32 22 505398  -11.057650  -75.027810    3171  19.5  0  1  6 12 0 0 1 1 1 0 0 0 1 0 0 1 0 1
2016  9 15  1 32  3 605421  -10.246820  -76.086010    3508   3.4  0  3  4  6 0 0 1 0 0 0 0 0 1 0 0 1 0 1
2016  9 15  1 36 51 363020  -10.461940  -75.033330    4567   7.3  0  1  4  6 0 0 1 1 0 0 0 1 0 0 0 0 0 1
2016  9 15  1 41 48 301914  -10.441240  -75.703770    4249  17.1  0  3  4  6 0 0 1 0 0 0 0 0 1 0 0 1 0 1
2016  9 15  1 42 23 920128  -11.455820  -75.293130    3236  10.9  0  3  5  8 0 0 1 1 1 0 0 0 0 0 0 1 0 1
2016  9 15  1 43  1 109112  -10.512830  -75.051770    3148  16.4  0  3  5 10 0 0 1 1 1 0 0 0 0 0 0 1 0 1
2016  9 15  1 48 12 704197  -10.883960  -75.142650    3695  13.8  0 -2  4  6 0 0 1 1 1 0 0 0 0 0 0 1 0 0
2016  9 15  1 48 51 134680  -11.302040  -75.482440    3694   8.6  0 -3  4  6 0 0 1 0 0 0 0 0 1 0 0 1 0 1
2016  9 15  1 49 46 917987  -11.347710  -75.027610    3514  12.2  0  3  4  6 0 0 1 1 1 0 0 0 0 0 0 1 0 0
2016  9 15  1 52  4 763935  -10.644380  -75.011280    5135  15.9  0 -1  4  6 0 0 1 1 0 0 0 0 1 0 0 0 0 1
2016  9 15  2 11 54 828248  -10.571560  -76.000340    4325  17.8  0  3  4  6 0 0 1 0 0 0 0 0 1 0 0 1 0 1
2016  9 15  2 15  3 658288  -10.423600  -76.206590    3673   3.8  0  3  4  6 0 0 1 0 0 0 0 1 1 0 0 1 0 0
2016  9 15  2 16 37 510984  -10.523790  -75.056440    3716   8.9  0  1  5 10 0 0 1 1 0 0 0 1 1 0 0 0 0 1
2016  9 15  2 16 51 640751  -10.514950  -75.050350    3175  12.0  0  0  5 10 0 0 1 0 1 0 0 1 1 0 0 1 0 0
2016  9 15  2 17 35 173243  -10.253090  -76.564450    2689   7.5  0  3  6 15 0 0 1 1 1 0 0 0 1 0 0 1 0 1
2016  9 15  2 20 51 284886  -11.401530  -75.238720    4251   2.6  0  2  5 10 0 0 0 1 1 0 0 0 1 0 0 1 0 1
2016  9 15  2 21 41  75483  -10.482140  -75.076980    4408   1.0  0  0  4  6 0 0 1 0 0 0 0 1 1 0 0 0 0 1
2016  9 15  2 21  7 387765  -10.162530  -76.784980    3610  10.5  0  1  4  6 0 0 1 0 0 0 0 1 0 0 0 1 0 1
2016  9 15  2 23 42 132784  -10.487190  -75.012890    2940   7.9  0  2  5 10 0 0 1 1 1 0 0 0 1 0 0 1 0 0
2016  9 15  2 25 18 764744  -11.437410  -75.349330    3690  10.8  0  3  4  6 0 0 1 1 0 0 0 0 1 0 0 1 0 0
2016  9 15  2 26 27 777141  -10.513220  -75.027740    3398   0.5  0  2  4  6 0 0 1 0 0 0 0 0 1 0 0 1 0 1
2016  9 15  2 26 58  54585  -10.091080  -76.833980    2906   1.6  0  1  5 10 0 0 1 0 0 0 0 1 1 0 0 1 0 1
2016  9 15  2 28  0 564718  -10.293730  -76.699620    2773  16.5  0  1  7 20 0 0 1 1 1 0 0 1 1 0 0 1 0 1
2016  9 15  2 29 53 497155  -11.518740  -75.185370    2959   7.4  0  2  5 10 0 0 1 0 0 0 0 1 1 0 0 1 0 1
2016  9 15  2 29 55 521083  -10.330050  -76.385890    2905   3.2  0  0  5 10 0 0 1 0 0 0 0 1 1 0 0 1 0 1
2016  9 15  2 29 58 868739  -11.246990  -75.045510    5588  18.4  0  3  4  6 0 0 1 0 1 0 0 1 1 0 0 0 0 0
2016  9 15  2 30  8  74693  -10.492680  -75.059540    4474   4.0  0  2  4  6 0 0 1 0 0 0 0 1 1 0 0 0 0 1
2016  9 15  2 31 11 601371  -10.570320  -75.014450    3703  14.8  0  1  4  6 0 0 1 1 0 0 0 0 0 0 0 1 0 1
2016  9 15  2 31  9 197853  -10.194560  -76.545330    3817  14.5  0  0  5  7 0 0 1 0 0 0 0 1 1 0 0 1 0 1
2016  9 15  2 34 31 106795  -10.893360  -75.006740    2855   2.5  0  1  5 10 0 0 1 0 0 0 0 1 1 0 0 1 0 1
2016  9 15  2 35 23 130255  -10.492310  -75.965690    4165  15.8  0  3  4  6 0 0 1 0 0 0 0 0 1 0 0 1 0 1
2016  9 15  2 35 48 927355  -10.108130  -76.882850    2869   2.6  0  1  5 10 0 0 1 1 0 0 0 0 1 0 0 1 0 1
2016  9 15  2 38 31 904891  -11.592870  -75.142600    2895   1.1  0  1  5  9 0 0 1 0 0 0 0 1 1 0 0 1 0 1
2016  9 15  2 39 42 288501  -10.647270  -75.112750    3361   8.8  0  3  4  6 0 0 1 1 1 0 0 0 0 0 0 1 0 0
2016  9 15  2 41 34 415470  -10.494550  -76.227740    3616   1.5  0  2  4  6 0 0 1 0 0 0 0 1 1 0 0 1 0 0
2016  9 15  2 42 28 851987  -10.256040  -76.565560    4805   9.5  0  2  5 10 0 0 0 1 1 0 0 0 1 0 0 1 0 1
2016  9 15  2 43 49 155375  -10.338680  -76.587280    2683   6.9  0  2  6 15 0 0 1 1 0 0 0 1 1 0 0 1 0 1
2016  9 15  2 44 55 332246  -11.206670  -75.236280    4508   4.7  0  0  4  6 0 0 1 0 0 0 0 1 1 0 0 0 0 1
2016  9 15  2 46 33 547135  -11.588980  -75.603080    4091  19.5  0  1  4  6 0 0 1 1 1 0 0 0 0 0 0 1 0 0
2016  9 15  2 47 20 125490  -10.594400  -76.495790    4965   2.4  0  1  4  6 0 0 0 0 0 0 0 1 1 0 0 1 0 1
2016  9 15  2 47 48 802113  -11.467370  -75.260930    2857  14.5  0  3  6 15 0 0 1 0 1 0 0 1 1 0 0 1 0 1
2016  9 15  2 47  0 780532  -11.468530  -75.260440    2977  19.1  0  3  6 15 0 0 1 1 1 0 0 0 1 0 0 1 0 1
2016  9 15  2 48 15 333053  -10.309390  -76.756320    2775   3.1  0  1  5 10 0 0 1 1 1 0 0 0 0 0 0 1 0 1
2016  9 15  2 48 16 317976  -10.618190  -75.000020    3510   6.2  0  3  5 10 0 0 1 0 1 0 0 1 1 0 0 0 0 1
2016  9 15  2 48 37 278744  -11.426590  -75.320070    4452   3.1  0 -2  4  6 0 0 1 0 0 0 0 1 1 0 0 0 0 1
2016  9 15  2 48 43 437959  -11.270160  -75.633240    5468  16.7  0  3  4  6 0 0 1 0 1 0 0 1 1 0 0 0 0 0
2016  9 15  2 50 30 539957  -10.454640  -76.411140    4140  14.8  0  1  4  6 0 0 1 0 0 0 0 0 1 0 0 1 0 1
2016  9 15  2 50 39 267200  -11.255550  -75.383060    2659  15.1  0 -2  7 21 0 0 1 1 1 0 0 1 1 0 0 1 0 1
2016  9 15  2 51 21 391189  -11.374910  -75.534130    5415  16.2  0  3  4  6 0 0 1 0 1 0 0 1 1 0 0 0 0 0
2016  9 15  2 52 15 367576  -10.897930  -75.284850    2750  10.6  0  3  6 15 0 0 1 0 1 0 0 1 1 0 0 1 0 1
2016  9 15  2 52 30 119390  -10.475840  -75.048210    3607   8.2  0  2  4  6 0 0 1 0 0 0 0 0 1 0 0 1 0 1
2016  9 15  2 56 53 581168  -11.390570  -75.141100    4453   3.6  0  0  4  6 0 0 1 0 0 0 0 1 1 0 0 0 0 1
2016  9 15  2 57 19 754776  -11.386640  -75.135660    4070   7.6  0  1  5 10 0 0 0 1 0 0 0 1 1 0 0 1 0 1
2016  9 15  2  1 18 693317  -10.404140  -76.677600    3383   8.0  0  3  4  6 0 0 1 1 1 0 0 0 0 0 0 1 0 0
2016  9 15  2  3 28 837652  -10.233490  -76.550670    4358  15.2  0  3  5  9 0 0 1 1 1 0 0 0 1 0 0 0 0 1
2016  9 15  2  7 15 268900  -10.186240  -76.600490    3578   4.7  0 -1  4  6 0 0 1 0 0 0 0 0 1 0 0 1 0 1
2016  9 15  3 11 18 503896  -10.962650  -75.350140    3751   9.7  0  3  4  6 0 0 1 0 0 0 0 0 1 0 0 1 0 1
2016  9 15  3 11 32 944628  -10.857270  -75.313200    2904   9.7  0  3  5 10 0 0 1 1 0 0 0 1 0 0 0 1 0 1
2016  9 15  3 15 15 823415  -11.120480  -75.101430    4166  16.7  0  0  4  6 0 0 1 0 0 0 0 0 1 0 0 1 0 1
2016  9 15  3 15  2 717092  -11.099790  -75.345580    2870   2.8  0  1  5 10 0 0 1 0 0 0 0 1 1 0 0 1 0 1
2016  9 15  3 16 12 620926  -11.491990  -75.062590    3068   9.6  0  2  5 10 0 0 1 0 0 0 0 1 1 0 0 1 0 1
2016  9 15  3 16 56 750119  -11.596970  -75.241520    4852   2.7  0  2  4  6 0 0 0 0 0 0 0 1 1 0 0 1 0 1
2016  9 15  3 18 23  12902  -10.929400  -75.420540    3774  10.7  0  3  4  6 0 0 1 0 0 0 0 0 1 0 0 1 0 1
2016  9 15  3 20  2  49043  -11.155050  -75.341290    3412   1.2  0  0  4  6 0 0 1 0 0 0 0 0 1 0 0 1 0 1
2016  9 15  3 23 34  62060  -10.972940  -75.303080    2929   6.3  0  3  5 10 0 0 1 0 0 0 0 1 1 0 0 1 0 1
2016  9 15  3 24 56 280363  -10.840500  -75.159340    3012  10.1  0 -1  5 10 0 0 1 0 0 0 0 1 1 0 0 1 0 1
2016  9 15  3 24  0 127630  -10.646440  -75.150270    2595  13.1  0  3  7 21 0 0 1 1 1 0 0 1 1 0 0 1 0 1
2016  9 15  3 25 11 265212  -10.969230  -75.357080    3364  17.1  0  3  5 10 0 0 1 0 1 0 0 0 1 0 0 1 0 1
2016  9 15  3 25 28  78028  -10.307910  -76.715830    3552   4.3  0  1  4  6 0 0 1 0 0 0 0 0 1 0 0 1 0 1
2016  9 15  3 26 52 752941  -11.439020  -75.222210    5487  10.7  0 -2  4  6 0 0 0 0 0 0 0 1 1 0 0 1 0 1
2016  9 15  3 26  2 797625  -11.043950  -75.163670    3562   1.9  0  3  4  6 0 0 1 0 0 0 0 1 1 0 0 1 0 0
2016  9 15  3 27 15 317088  -10.802060  -75.530880    4578   4.6  0  3  4  6 0 0 1 0 1 0 0 1 1 0 0 0 0 0
2016  9 15  3 27 21 102332  -11.065920  -75.410190    2941   6.7  0  1  5 10 0 0 1 0 0 0 0 1 1 0 0 1 0 1
2016  9 15  3 29 18 453451  -11.123670  -75.558020    2920  15.9  0  3  6 15 0 0 1 0 1 0 0 1 1 0 0 1 0 1
2016  9 15  3 30  6 877994  -10.555410  -75.213990    3501   5.2  0  2  4  6 0 0 1 0 0 0 0 0 1 0 0 1 0 1
2016  9 15  3 31 49 415997  -10.662960  -75.213880    2593  13.0  0  0  7 21 0 0 1 1 1 0 0 1 1 0 0 1 0 1
2016  9 15  3 33 24 836027  -10.816960  -75.488650    2713   8.7  0  3  6 14 0 0 1 1 1 0 0 0 1 0 0 1 0 1
2016  9 15  3 33 50 700568  -11.399720  -75.073700    3576  11.5  0  0  4  6 0 0 1 0 0 0 0 1 0 0 0 1 0 1
2016  9 15  3 34 24 491746  -11.203110  -75.665370    4114  19.6  0  3  4  6 0 0 1 1 1 0 0 0 0 0 0 1 0 0
2016  9 15  3 41 39 890626  -11.243410  -75.278630    3558   0.9  0  3  4  6 0 0 1 0 0 0 0 1 1 0 0 1 0 0
2016  9 15  3 45 10 827403  -10.944000  -75.302910    5150   7.7  0 -3  4  6 0 0 0 0 0 0 0 1 1 0 0 1 0 1
2016  9 15  3 45 24 566956  -11.343340  -75.518860    3641  13.5  0  2  4  6 0 0 1 1 0 0 0 1 0 0 0 1 0 0
2016  9 15  3 51 31 892550  -10.675020  -75.483170    2755  11.8  0  1  6 15 0 0 1 1 1 0 0 0 1 0 0 1 0 1
2016  9 15  3 52 21 717762  -11.248720  -75.607950    3371  17.7  0  3  5 10 0 0 1 1 0 0 0 0 1 0 0 1 0 1
2016  9 15  3  0 20 274523  -10.962940  -75.387410    5103  12.5  0  0  4  6 0 0 1 0 0 0 0 1 1 0 0 0 0 1
2016  9 15  3  3 54  78814  -11.083150  -75.243000    4857   3.2  0  3  4  6 0 0 0 0 0 0 0 1 1 0 0 1 0 1
2016  9 15  3  7 31 476971  -10.786110  -75.256100    2873   8.8  0  3  5 10 0 0 1 1 1 0 0 0 0 0 0 1 0 1
2016  9 15  3  7 33  87327  -10.946310  -75.320260    2873   3.5  0  3  5 10 0 0 1 0 0 0 0 1 1 0 0 1 0 1
2016  9 15  3  8 46 411837  -10.839620  -75.409710    3370  15.8  0  3  5 10 0 0 1 0 1 0 0 1 1 0 0 1 0 0
2016  9 15  4 18 14 447704  -11.135370  -75.741860    3821  10.2  0  3  4  6 0 0 1 0 1 0 0 0 1 0 0 1 0 0
2016  9 15  4 21 25 641479  -11.328630  -75.377300    2939  18.0  0  2  6 15 0 0 1 1 1 0 0 0 1 0 0 1 0 1
2016  9 15  4 24  3 274362  -11.327550  -75.426040    2932   8.0  0  2  5 10 0 0 1 1 0 0 0 0 1 0 0 1 0 1
2016  9 15  4 28 37 973472  -10.218230  -76.325780    3416  15.7  0  2  5 10 0 0 1 0 1 0 0 1 1 0 0 1 0 0
2016  9 15  4 36 22 645109  -11.472430  -75.000850    4103  16.2  0  3  4  6 0 0 1 0 0 0 0 0 1 0 0 1 0 1
2016  9 15  4 38 32 468159  -10.493840  -76.141590    4255  16.9  0  3  4  6 0 0 1 0 0 0 0 0 1 0 0 1 0 1
2016  9 15  4 43 48 715443  -10.276130  -76.510460    2733   9.5  0  2  6 15 0 0 1 1 1 0 0 0 1 0 0 1 0 1
2016  9 15  4 43 50 556751  -10.121030  -76.376640    3391  16.4  0  3  5 10 0 0 1 0 1 0 0 0 1 0 0 1 0 1
2016  9 15  4 49  8 958603  -10.398710  -76.243240    3466   0.6  0  3  4  6 0 0 1 0 0 0 0 0 1 0 0 1 0 1
2016  9 15  4 50  8 358897  -10.350680  -76.482450    3407  10.1  0  1  5  8 0 0 1 0 0 0 0 1 1 0 0 1 0 1
2016  9 15  4 52 17 492867  -10.663580  -76.209180    5186   6.5  0  3  4  6 0 0 0 0 0 0 0 1 1 0 0 1 0 1
2016  9 15  4 53  1 470998  -10.220020  -75.688370    6214  17.8  0  1  4  6 0 0 0 0 1 0 0 1 1 0 0 1 0 0
2016  9 15  4 54  8 955910  -10.508760  -76.633000    3612   5.9  0  0  4  6 0 0 1 0 0 0 0 0 1 0 0 1 0 1
2016  9 15  4 55 37 812181  -10.340430  -76.173790    3762  13.3  0  3  4  6 0 0 1 0 0 0 0 1 0 0 0 1 0 1
2016  9 15  4 56 56 957730  -10.564330  -75.892750    4679   7.3  0  3  4  6 0 0 1 0 0 0 0 1 1 0 0 0 0 1
2016  9 15  4  1 23  68662  -11.010380  -75.204380    3444   1.9  0  3  4  6 0 0 1 0 1 0 0 0 1 0 0 1 0 0
2016  9 15  4  1 40 317118  -11.160580  -75.451030    4121  15.1  0  3  4  6 0 0 1 0 0 0 0 0 1 0 0 1 0 1
2016  9 15  5 20 13 246679  -11.898020  -75.233390    4833   2.2  0  0  4  6 0 0 0 0 0 0 0 1 1 0 0 1 0 1
2016  9 15  5 20 13 378381  -11.704470  -75.021710    3625   4.7  0  0  4  6 0 0 1 0 0 0 0 1 1 0 0 1 0 0
2016  9 15  5 26 22 968690  -10.049260  -76.619480    4098   7.1  0  3  5 10 0 0 0 0 1 0 0 1 1 0 0 1 0 1
2016  9 15  5 26 59 547896  -10.289910  -76.762090    2893   4.2  0  2  5 10 0 0 1 1 0 0 0 0 1 0 0 1 0 1
2016  9 15  5 27 16 838572  -11.563650  -75.362550    4805   9.6  0  2  4  6 0 0 1 0 1 0 0 1 1 0 0 0 0 0
2016  9 15  5 34  6 578604  -10.465390  -76.424970    3685   5.1  0  3  4  6 0 0 1 0 0 0 0 1 1 0 0 1 0 0
2016  9 15  5 39  2 179909  -10.063910  -76.797930    2866  14.1  0  2  6 15 0 0 1 1 1 0 0 0 1 0 0 1 0 1
2016  9 15  5 42 55 812440  -10.072190  -76.752140    3147   9.9  0  3  5 10 0 0 1 0 1 0 0 1 1 0 0 1 0 0
2016  9 15  5 50 32 511528  -10.440750  -76.445980    3698   4.8  0  2  4  6 0 0 1 0 0 0 0 1 1 0 0 1 0 0
2016  9 15  5 50  4  32082  -10.276130  -76.300130    4067  14.2  0  0  4  6 0 0 1 0 0 0 0 0 1 0 0 1 0 1
2016  9 15  5  2 25 478823  -10.408470  -76.482750    4533   2.5  0  0  4  6 0 0 1 0 0 0 0 1 1 0 0 0 0 1
2016  9 15  5  3 23  87785  -11.532500  -75.820340    4899   1.7  0 -3  4  6 0 0 0 0 0 0 0 1 1 0 0 1 0 1
2016  9 15  5  6 20 864273  -11.609180  -75.704590    3819  14.6  0 -2  4  6 0 0 1 0 0 0 0 1 0 0 0 1 0 1
2016  9 15  5  9 16 664345  -10.479420  -76.408970    3883   8.7  0  3  4  6 0 0 1 0 0 0 0 1 1 0 0 1 0 0
2016  9 15  8 34  9 152492  -10.153340  -75.999910   17665  18.9  0  2  4  6 0 0 0 1 0 0 0 1 1 0 0 0 0 1
2016  9 15  9 24 54 982323  -11.955900  -75.485920    6122  18.7  0  0  4  6 0 0 1 1 0 0 0 1 1 0 0 0 0 0
2016  9 15  9 33 40 613852  -11.225500  -75.070580    2930  17.4  0  1  6 15 0 0 1 1 0 0 0 1 1 0 0 1 0 1
2016  9 15  9 35  8 377493  -10.238080  -75.365560    5663  15.4  0  1  4  6 0 0 1 1 0 0 0 1 1 0 0 0 0 0
2016  9 15  9 37 57 331039  -11.130280  -75.165150   14375  11.6  0  0  4  6 0 0 0 1 0 0 0 1 1 0 0 0 0 1
2016  9 15  9 53 26 538342  -10.253370  -75.073070    3935  13.8  0  3  5 10 0 0 1 0 1 0 0 1 1 0 0 0 0 1
2016  9 15  9 56 52 672991  -10.233860  -75.210980    2827  12.6  0  0  6 15 0 0 1 0 1 0 0 1 1 0 0 1 0 1
2016  9 15  9 57 23 674127  -10.293540  -75.061390    2849   1.7  0  0  5 10 0 0 1 0 0 0 0 1 1 0 0 1 0 1
2016  9 15  9 57 25 296068  -11.177580  -75.014720    3793   4.5  0  2  5 10 0 0 0 0 1 0 0 1 1 0 0 1 0 1
2016  9 15  9 59 18 736987  -11.191210  -75.047550    3202  14.3  0  0  5 10 0 0 1 0 1 0 0 0 1 0 0 1 0 1
2016  9 16 21 40 37 221359  -10.597110  -75.980770    3597   1.2  0 -1  4  6 0 0 1 0 0 0 0 1 1 0 0 1 0 0
2016  9 18 17 49 51    730  -10.533020  -75.164550    2926   9.8  0 -3  5 10 0 0 1 1 1 0 0 0 0 0 0 1 0 1
2016  9 18 17 51 48 608868  -10.546930  -75.281950    2752   3.9  0 -3  5 10 0 0 1 1 1 0 0 0 0 0 0 1 0 1
2016  9 18 17 51  2 812984  -10.439930  -75.275960    3160  10.2  0 -1  5  9 0 0 1 0 1 0 0 0 1 0 0 1 0 1
2016  9 18 18 44  3  60194  -10.238700  -75.557050    2763   4.0  0 -2  5 10 0 0 1 1 1 0 0 0 0 0 0 1 0 1
2016  9 18 19 15 43  86537  -10.457190  -75.453100    2659   6.6  0 -3  6 15 0 0 1 0 1 0 0 1 1 0 0 1 0 1
2016  9 18 19 20  7 809579  -10.538160  -75.262650    3550   0.8  0 -3  4  6 0 0 1 0 0 0 0 1 1 0 0 1 0 0
2016  9 18 19 34 22 369548  -11.212690  -75.078740    3707   6.9  0  0  4  6 0 0 1 0 0 0 0 1 1 0 0 1 0 0
2016  9 18 20 10 27 809674  -11.179560  -75.034780    3276  17.6  0 -2  5 10 0 0 1 1 0 0 0 1 1 0 0 1 0 0
2016  9 18 20 25 56 935444  -11.139700  -75.233390    3565   2.0  0 -1  4  6 0 0 1 0 0 0 0 1 1 0 0 1 0 0
2016  9 18 20 44  3 209871  -10.387760  -75.923210    4016  15.6  0 -1  5 10 0 0 1 1 1 0 0 0 1 0 0 0 0 1
2016  9 18 21  9 53 966152  -10.949250  -75.876410    5059   5.4  0  2  4  6 0 0 0 0 0 0 0 1 1 0 0 1 0 1
2016  9 18 22 59 46 604148  -11.544530  -75.880410    4915  16.4  0  0  5  9 0 0 0 0 1 0 0 1 1 0 0 1 0 1
2016  9 19 11 28  4 584118  -11.878000  -76.114530    8812   7.3  0  0  5 10 0 0 0 1 1 0 0 1 1 0 0 0 0 1
2016  9 19 12  0 24  97182  -10.242280  -76.343150   14884  16.7  0  0  4  6 0 0 0 1 1 0 0 1 1 0 0 0 0 0
2016  9 19 15 36 15 177968  -10.642950  -75.094180    4394  16.5  0  1  5  9 0 0 1 1 1 0 0 0 1 0 0 0 0 1
2016  9 19 15 48 39 149016  -11.807850  -75.982990   15495  12.5  0  0  4  6 0 0 0 1 0 0 0 1 1 0 0 0 0 1
2016  9 19 15  8 52 651268  -11.162020  -75.072620    5331  17.2  0 -1  4  6 0 0 1 1 0 0 0 0 1 0 0 0 0 1
2016  9 19 16 21  8  41988  -10.391170  -75.376170    3881  14.2  0  0  5 10 0 0 1 1 1 0 0 0 1 0 0 0 0 1
2016  9 19 16 28 25 198125  -10.030060  -75.224130    5116  13.3  0  2  4  6 0 0 1 0 0 0 0 1 1 0 0 0 0 1
2016  9 19 16 32 35 650179  -10.005000  -75.243710    4632   7.4  0  2  4  6 0 0 1 1 1 0 0 1 0 0 0 0 0 0
2016  9 19 16 36 50 383364  -11.173840  -75.648570    5729  15.2  0  3  4  6 0 0 1 1 0 0 0 1 1 0 0 0 0 0
2016  9 19 16 38 11 273341  -10.817640  -75.329190    3062   7.7  0 -2  6 15 0 0 1 1 1 0 0 1 1 0 0 0 0 1
2016  9 19 16 38 11 331949  -10.815020  -75.319390    3668   8.8  0  0  5 10 0 0 1 1 1 0 0 1 1 0 0 0 0 0
2016  9 19 16 38 39 956069  -10.704730  -75.213770    3985  18.3  0  3  4  6 0 0 1 1 1 0 0 0 0 0 0 1 0 0
2016  9 19 16 40 35 838033  -10.527970  -75.345960    4144  13.5  0 -1  5  8 0 0 1 1 1 0 0 0 1 0 0 0 0 1
2016  9 19 16 42 59 677818  -10.346490  -75.453460    5630  17.9  0 -2  4  6 0 0 1 0 1 0 0 1 1 0 0 0 0 0
2016  9 19 16 44 24 816942  -10.095660  -75.041980    4820  10.3  0  0  4  6 0 0 1 0 0 0 0 1 1 0 0 0 0 1
2016  9 19 16 50 57  78083  -10.366520  -75.344630    2919  18.6  0 -3  6 15 0 0 1 1 1 0 0 1 0 0 0 1 0 1
2016  9 19 16 52 15 273370  -10.167390  -75.569590    3473   4.2  0 -3  5 10 0 0 1 1 1 0 0 1 0 0 0 0 0 1
2016  9 19 16 57 59 141874  -10.886450  -75.366120    4957  11.3  0 -2  4  6 0 0 1 0 1 0 0 1 1 0 0 0 0 0
2016  9 19 16  5  8 148599  -11.023490  -75.166620    3536   6.9  0 -2  5 10 0 0 1 1 0 0 0 1 1 0 0 0 0 1
2016  9 19 16  5  8 192890  -11.041200  -75.148940    3506   6.1  0 -1  5 10 0 0 1 1 0 0 0 1 1 0 0 0 0 1
2016  9 19 17 11 15 643274  -10.208190  -75.470590    4802  11.8  0  1  4  6 0 0 1 1 1 0 0 0 1 0 0 0 0 0
2016  9 19 17 13 40 735546  -10.109700  -75.523410    3897  14.9  0 -1  5 10 0 0 1 1 1 0 0 0 1 0 0 0 0 1
2016  9 19 17 45 57 872426  -10.143060  -75.558920    3678  16.2  0  3  5  7 0 0 1 0 1 0 0 0 1 0 0 1 0 1
2016  9 19 18 30 46  40628  -10.541910  -75.606580    3343  17.3  0  2  5 10 0 0 1 1 1 0 0 0 1 0 0 1 0 0
2016  9 19 18 33 35 419873  -10.486680  -75.556350    5030  17.9  0  3  5 10 0 0 0 1 1 0 0 1 0 0 0 1 0 1
2016  9 19 18  0 16 120673  -10.084280  -75.827030    2912  16.5  0  2  6 15 0 0 1 1 1 0 0 0 1 0 0 1 0 1
2016  9 19 21 25 56 324090  -11.625810  -76.354080    3608  10.9  0  0  4  6 0 0 1 0 1 0 0 1 0 0 0 1 0 0
2016  9 19 21 45 23 943475  -11.975930  -76.086140    2701  11.4  0  0  6 15 0 0 1 1 1 0 0 1 0 0 0 1 0 1
2016  9 19 22 29 59 479088  -10.918980  -75.433140    4089  14.8  0  3  4  6 0 0 1 0 0 0 0 0 1 0 0 1 0 1
2016  9 19 22 32 31 571917  -11.764860  -76.069080    4048   9.0  0 -1  5  9 0 0 1 1 1 0 0 1 0 0 0 0 0 1
2016  9 19 22  2 29 809470  -11.109970  -76.498350    3811   7.0  0  0  4  6 0 0 1 0 0 0 0 1 1 0 0 1 0 0
2016  9 19 22  6 55 649346  -11.860490  -76.140640    3673   6.1  0 -2  5  9 0 0 1 1 1 0 0 1 0 0 0 0 0 1
2016  9 19 23 13 20 801018  -11.662040  -76.277440    2985  18.4  0 -3  6 15 0 0 1 1 1 0 0 0 1 0 0 1 0 1
2016  9 19 23 14 41 920942  -11.165020  -76.774970    3561  17.9  0 -2  5 10 0 0 1 0 1 0 0 1 1 0 0 1 0 0
2016  9 19 23 21 23 356339  -11.293440  -76.574990    3362  13.9  0  0  6 15 0 0 1 1 1 0 0 1 1 0 0 0 0 1
2016  9 19 23  0 20 873482  -11.914180  -76.668230    4664   7.7  0  0  5 10 0 0 0 1 1 0 0 0 1 0 0 1 0 1
2016  9 19  5 41 35 654109  -11.487150  -75.263950    2910  15.2  0 -2  6 15 0 0 1 0 1 0 0 1 1 0 0 1 0 1
2016  9 19  6 12 20 929737  -11.270920  -75.561910    3838  11.3  0  0  5 10 0 0 1 0 1 0 0 1 1 0 0 0 0 1
2016  9 19  6 12 20 940744  -11.312440  -75.488800    2854  14.1  0  0  6 15 0 0 1 0 1 0 0 1 1 0 0 1 0 1
2016  9 19  6 51 50 236109  -11.483300  -75.221750    3990  13.5  0 -1  4  6 0 0 1 0 1 0 0 0 1 0 0 1 0 0
2016  9 19  6 56 26 540520  -10.441620  -75.057750    5407  12.2  0  0  4  6 0 0 0 0 1 0 0 1 1 0 0 1 0 0
2016  9 19  7 11 14 770153  -10.907950  -75.294840    4628  19.8  0  0  5  9 0 0 1 0 1 0 0 1 1 0 0 0 0 1
2016  9 19  7 17 17  58924  -10.594760  -75.203540    4424   1.5  0 -3  4  6 0 0 1 0 0 0 0 1 1 0 0 0 0 1
2016  9 19  7 46 59 536719  -10.807630  -75.517410    4499   2.5  0 -1  4  6 0 0 1 0 1 0 0 1 1 0 0 0 0 0
2016  9 19  7  4 47 843093  -10.801520  -75.434760    4484   2.3  0 -3  4  6 0 0 1 0 1 0 0 1 1 0 0 0 0 0
2016  9 19  7  4 48  55572  -10.793400  -75.229570    4568  16.3  0 -2  5 10 0 0 0 1 1 0 0 1 1 0 0 1 0 0
2016  9 19  7  5  9  17955  -10.939070  -75.318700    4625   6.3  0  0  4  6 0 0 1 0 1 0 0 1 1 0 0 0 0 0
2016  9 19  8 21 35 255138  -11.002710  -75.118290    3653   5.3  0  1  4  6 0 0 1 0 0 0 0 1 1 0 0 1 0 0
2016  9 20 17 49 23 429292  -11.884630  -76.251120    2803   4.1  0 -3  5 10 0 0 1 1 1 0 0 0 0 0 1 1 0 0
2016  9 20 18 59 22 820631  -11.795710  -76.302320    3333  13.1  0  0  5 10 0 0 1 0 0 0 0 1 1 0 1 1 0 0
2016  9 20 19 15 30 100357  -11.842320  -76.063930    5451  15.0  0  1  4  6 0 0 1 0 0 0 0 1 0 0 1 0 0 1
2016  9 20 19 24 16 774445  -11.621060  -76.308290    3045   4.5  0 -1  6 15 0 0 1 0 1 0 0 1 1 0 1 0 0 1
2016  9 20 19 26 20 382656  -11.673180  -75.973760    3455   2.4  0 -1  4  6 0 0 1 0 0 0 0 0 1 0 0 1 0 1
2016  9 20 19 27 43 557149  -11.646960  -76.339430    4702  13.8  0  0  5 10 0 0 0 1 1 0 0 1 0 0 0 1 0 1
2016  9 20 19 27 43 583364  -11.627920  -76.311390    3643  13.0  0  0  4  6 0 0 1 1 0 0 0 0 0 0 0 1 0 1
2016  9 20 19 32  0 671778  -11.983870  -76.046730    7418   8.4  0 -1  4  6 0 0 1 1 0 0 0 0 0 0 1 0 0 1
2016  9 20 19 32  0 710633  -11.671900  -76.296940    2921   6.4  0 -3  5 10 0 0 1 0 1 0 0 0 0 0 1 1 0 1
2016  9 20 19 33 53 154644  -11.993910  -75.637000    3447   2.8  0 -1  4  6 0 0 1 0 0 0 0 0 1 0 0 1 0 1
2016  9 20 19 35 27 515104  -11.679150  -76.344730    2993   9.8  0 -1  5 10 0 0 1 1 0 0 0 0 0 0 1 1 0 1
2016  9 20 19 39 10  60255  -11.601510  -76.326790    2664  14.9  0 -1  7 21 0 0 1 1 1 0 0 0 1 0 1 1 0 1
2016  9 20 19 39 10  73509  -11.619450  -76.269600    3450  14.7  0 -2  5  9 0 0 1 1 0 0 0 0 1 0 1 1 0 0
2016  9 20 19 47 31 699201  -11.615110  -76.320750    2862   6.1  0 -1  5 10 0 0 1 1 0 0 0 0 0 0 1 1 0 1
2016  9 20 19 48 47 845772  -11.472230  -76.410970    2716  15.9  0  0  7 21 0 0 1 1 1 0 0 0 1 0 1 1 0 1
2016  9 20 19 48 47 855178  -11.485630  -76.427540    2899  15.0  0  0  6 15 0 0 1 1 1 0 0 0 0 0 1 1 0 1
2016  9 20 19 48 47 898007  -11.474860  -76.406750    2742  16.2  0 -1  7 20 0 0 1 1 1 0 0 0 1 0 1 1 0 1
2016  9 20 19 55 29 621591  -11.855270  -76.152890   10550  19.9  0 -2  4  6 0 0 1 1 0 0 0 0 0 0 1 0 0 1
2016  9 20 19 58 27 262717  -11.455120  -76.449030    3297  15.1  0 -1  5 10 0 0 1 0 1 0 0 0 1 0 0 1 0 1
2016  9 20 19 58 27 277013  -11.470550  -76.447490    2632  13.3  0 -1  7 21 0 0 1 1 1 0 0 1 1 0 1 1 0 0
2016  9 20 19 59 17 146111  -11.581090  -76.235370    3924  16.7  0 -1  6 15 0 0 0 1 1 0 0 1 1 0 0 1 0 1
2016  9 20 19 59 17 173707  -11.609840  -76.326470    2712  16.9  0 -2  7 21 0 0 1 1 1 0 0 1 1 0 0 1 0 1
2016  9 20 19  1 58 223706  -11.835690  -76.196980    3070  13.1  0  0  6 11 0 0 1 1 0 0 0 1 1 0 1 1 0 0
2016  9 20 19  1 58 343869  -11.836190  -76.190850    2659  13.8  0 -1  7 21 0 0 1 1 1 0 0 1 1 0 1 1 0 0
2016  9 20 19  8 37 177325  -11.839250  -76.216350    5255   6.8  0  0  4  6 0 0 1 0 0 0 0 1 1 0 1 0 0 0
2016  9 20 20 10 29 596775  -11.597220  -76.553790    5216   5.2  0 -2  5 10 0 0 1 1 1 0 0 0 0 0 1 0 0 1
2016  9 20 20 10 29 627918  -11.370360  -76.687750    4099   4.3  0  0  4  6 0 0 0 0 0 0 0 1 0 0 1 1 0 1
2016  9 20 20 19 47 164439  -11.661820  -76.178690    3347  17.7  0 -1  5 10 0 0 1 0 0 0 0 1 1 0 0 1 0 1
2016  9 20 20 19 57 590297  -11.669850  -75.854820    3526   4.6  0  2  4  6 0 0 1 0 0 0 0 0 1 0 0 1 0 1
2016  9 20 20 20 47 367022  -11.606480  -76.351670    3125  15.7  0  0  7 21 0 0 1 1 1 0 0 1 1 0 1 0 0 1
2016  9 20 20 20 54 731393  -10.776600  -75.994420    4074  14.7  0  0  4  6 0 0 1 0 0 0 0 1 0 0 1 1 0 0
2016  9 20 20 21 43 679961  -11.649610  -76.238170    4162   0.1  0  0  4  6 0 0 1 0 0 0 0 1 0 0 1 0 0 1
2016  9 20 20 34 54 608176  -10.464080  -76.837940    2842  19.7  0 -1  7 21 0 0 1 1 1 0 0 0 1 0 1 1 0 1
2016  9 20 20 34 54 744716  -10.369220  -76.984650    3940  14.0  0 -1  5 10 0 0 1 1 1 0 0 0 1 0 0 0 0 1
2016  9 20 20 46 57  48458  -11.073540  -76.709230    4405  16.6  0  0  5 10 0 0 1 1 1 0 0 1 1 0 0 0 0 0
2016  9 20 20 49 43 269413  -11.663500  -76.411340    3744   9.8  0 -1  5 10 0 0 1 0 1 0 0 1 0 0 1 0 0 1
2016  9 20 20  1 21 159792  -11.106860  -75.864400    8382  12.2  0 -1  4  6 0 0 1 1 0 0 0 0 0 0 1 0 0 1
2016  9 20 20  4  5  59143  -11.613110  -76.341640    3389  19.6  0  0  5 10 0 0 1 1 1 0 0 0 0 0 0 1 0 1
2016  9 20 20  6 12 118739  -10.746880  -76.072950    5462  14.3  0  0  4  6 0 0 1 0 0 0 0 1 0 0 1 0 0 1
2016  9 20 20  9  8 990181  -10.771860  -76.161800    3074  10.1  0 -3  5 10 0 0 1 0 1 0 0 1 0 0 1 1 0 0
2016  9 20 21 14 21 969087  -11.485860  -76.431480    4811   3.6  0 -2  4  6 0 0 1 1 0 0 0 1 1 0 0 0 0 0
2016  9 20 21 16 15 508968  -11.813210  -75.763630    3966  13.6  0 -2  5 10 0 0 1 0 0 0 0 1 1 0 1 0 0 1
2016  9 20 21 16 16  60534  -11.886440  -75.687730    2582   5.6  0  0  6 15 0 0 1 1 0 0 0 1 0 0 1 1 0 1
2016  9 20 21 21 35 541913  -10.787110  -76.641080    3968  17.8  0  0  6 15 0 0 0 1 1 0 0 0 1 0 1 1 0 1
2016  9 20 21 21 35 556396  -10.782710  -76.534680    3629   7.2  0  0  5 10 0 0 0 0 1 0 0 1 1 0 1 1 0 0
2016  9 20 21 21 35 601946  -10.792320  -76.577540    2706   6.1  0  1  6 15 0 0 1 0 0 0 0 1 1 0 1 1 0 1
2016  9 20 21 21 59 711431  -10.933280  -76.462520    5180  13.8  0  2  4  6 0 0 1 0 0 0 0 0 1 0 1 0 0 1
2016  9 20 21 22 40 737216  -11.326530  -76.147160    5483  14.3  0 -1  4  6 0 0 1 1 0 0 0 1 0 0 0 0 0 1
2016  9 20 21 22 42 273664  -11.836170  -76.148970    3026   9.2  0  0  5 10 0 0 1 0 0 0 0 1 1 0 0 1 0 1
2016  9 20 21 25 42 771703  -10.804980  -76.468510    2845  13.4  0  0  6 15 0 0 1 0 1 0 0 1 0 0 1 1 0 1
2016  9 20 21 27 49 234762  -11.031490  -76.698910    6360  19.1  0 -1  4  6 0 0 1 1 1 0 0 1 0 0 0 0 0 0
2016  9 20 21 28  7 513505  -11.132880  -76.475650    2743   8.3  0  0  6 15 0 0 1 0 0 0 0 1 1 0 1 1 0 1
2016  9 20 21 32 46 934824  -11.099170  -76.730670    2785   1.5  0 -1  5 10 0 0 1 1 0 0 0 0 0 0 1 1 0 1
2016  9 20 21 44 35 369560  -10.813460  -76.507790    3259  10.7  0 -1  6 15 0 0 1 1 1 0 0 0 1 0 1 0 0 1
2016  9 20 21 44 35 384657  -10.593200  -76.697800    3121  12.9  0  0  7 20 0 0 0 1 1 0 0 1 1 0 1 1 0 1
2016  9 20 21 44 35 427349  -10.639180  -76.650380    4638   4.1  0 -2  4  6 0 0 1 1 0 0 0 1 0 0 1 0 0 0
2016  9 20 21 44 35 440702  -10.582270  -76.724030    4028  10.9  0 -2  5 10 0 0 1 1 0 0 0 1 1 0 1 0 0 0
2016  9 20 21 48  8  95024  -11.769030  -75.399110    3712  19.3  0  0  6 15 0 0 1 0 1 0 0 1 1 0 1 0 0 1
2016  9 20 21 50 29 657876  -10.635680  -76.609480    4269   1.4  0  0  4  6 0 0 1 0 0 0 0 1 0 0 1 0 0 1
2016  9 20 21 56 21 629785  -11.243610  -76.273830    2892  16.0  0  1  6 15 0 0 1 1 1 0 0 0 0 0 1 1 0 1
2016  9 20 21 58 45 690862  -10.587790  -76.649070    3298  19.0  0  1  7 21 0 0 1 1 1 0 0 1 1 0 1 0 0 1
2016  9 20 21  6 55 650169  -11.817180  -76.249920    3356  18.8  0  0  7 21 0 0 0 1 1 0 0 1 1 0 1 1 0 1
2016  9 20 21  8 47 153228  -10.312350  -76.995690    3722  16.7  0  0  6 14 0 0 1 1 1 0 0 0 1 0 1 0 0 1
2016  9 20 21  8 47 232473  -10.639460  -76.671340    4620   7.4  0 -3  4  6 0 0 1 0 0 0 0 0 1 0 1 0 0 1
2016  9 20 22 31 18 192029  -10.824620  -76.288600    5260  14.2  0  0  4  6 0 0 1 0 0 0 0 1 1 0 0 0 0 1
2016  9 20 22 35 45 524730  -11.069640  -76.155140    4017   7.4  0  1  5  8 0 0 1 0 1 0 0 1 1 0 1 0 0 0
2016  9 20 22 36 31 487100  -10.513300  -76.842510    3880   7.6  0 -1  5  9 0 0 1 0 1 0 0 1 1 0 1 0 0 0
2016  9 20 22 39 27 531249  -11.944960  -75.262120    7904   9.8  0 -1  4  6 0 0 0 1 0 0 0 1 0 0 1 0 0 1
2016  9 20 22 41 35 852774  -10.699110  -76.820760    9088  17.5  0 -2  5  7 0 0 0 1 1 0 0 0 1 0 0 1 0 1
2016  9 20 22 50 11  52385  -11.017420  -76.207320    3039  13.9  0  0  7 21 0 0 1 1 1 0 0 1 1 0 1 0 0 1
2016  9 20 22 50 13 506256  -10.571450  -76.712330    3797  14.0  0  0  6 15 0 0 0 1 1 0 0 1 1 0 0 1 0 1
2016  9 20 22 51 11 293653  -11.987670  -75.472140    4162  14.6  0  0  5 10 0 0 1 1 0 0 0 1 0 0 1 0 0 1
2016  9 20 22  4 14 920014  -11.227390  -76.023400    3000  11.7  0 -2  5 10 0 0 1 1 1 0 0 1 0 0 0 1 0 0
2016  9 21 18 11  7  90326  -11.297360  -76.629230    3408   4.2  0  0  4  6 0 0 1 0 0 0 0 0 0 0 1 1 0 1
2016  9 21 18 28 14 944736  -11.788790  -76.301570    3561  14.3  0 -1  6 15 0 0 0 1 1 0 0 1 0 0 1 1 0 1
2016  9 21 18 28 14 976415  -11.757070  -76.237290    2802  12.5  0 -1  6 15 0 0 1 1 0 0 0 1 1 0 0 1 0 1
2016  9 21 18 42 43 406259  -11.777330  -76.631010    3350  16.1  0  0  5 10 0 0 1 1 1 0 0 0 0 0 1 1 0 0
2016  9 21 18 42 43 505832  -11.832560  -76.330540    3413  17.6  0 -1  5 10 0 0 1 1 1 0 0 0 0 0 1 1 0 0
2016  9 21 18 50 12 444921  -11.764550  -76.121390    3864   5.0  0 -1  4  6 0 0 1 0 0 0 0 0 1 0 1 1 0 0
2016  9 21 18 50 12 662707  -11.724860  -76.215630    3982  13.7  0 -1  5 10 0 0 1 0 1 0 0 1 0 0 1 0 0 1
2016  9 21 18 53  9 440183  -11.817300  -76.015400    3169  10.2  0 -2  5 10 0 0 1 0 0 0 0 0 1 0 1 1 0 1
2016  9 21 18 56 52 631135  -10.541000  -75.426190    3089  18.7  0 -1  6 15 0 0 1 0 1 0 0 0 1 0 1 1 0 1
2016  9 21 19 12 20  21582  -11.915920  -75.769240    2985  16.3  0 -2  6 15 0 0 1 0 1 0 0 0 1 0 1 1 0 1
2016  9 21 19 16 14  23046  -11.618120  -76.470380    4220  14.5  0 -1  5 10 0 0 1 1 0 0 0 1 0 0 1 0 0 1
2016  9 21 19 26  7 688799  -11.711370  -76.389550    4075  16.9  0 -1  4  6 0 0 1 1 0 0 0 0 0 0 1 1 0 0
2016  9 21 19 35 24  27069  -11.721240  -76.038170    4641   8.4  0 -3  4  6 0 0 1 0 0 0 0 0 1 0 1 0 0 1
2016  9 21 19 46 27 654372  -11.930670  -76.122720    5099   3.7  0 -1  5 10 0 0 0 1 1 0 0 0 1 0 1 0 0 1
2016  9 21 19 50 28 858448  -11.603640  -76.139200    4685  15.9  0  0  5 10 0 0 0 0 1 0 0 0 1 0 1 1 0 1
2016  9 21 19 50 28 885401  -11.603040  -76.141330    4644  15.4  0  0  5 10 0 0 0 0 1 0 0 0 1 0 1 1 0 1
2016  9 21 19 55 11 278565  -11.766660  -76.469650    5986  14.6  0 -3  4  6 0 0 1 0 0 0 0 1 1 0 1 0 0 0
2016  9 21 19  1 57 334863  -11.624020  -76.331280    2746  17.7  0  0  7 20 0 0 1 1 1 0 0 1 1 0 0 1 0 1
2016  9 21 20 25 33 503086  -10.302580  -76.131290    4038  13.9  0 -1  4  6 0 0 1 0 0 0 0 0 0 0 1 1 0 1
2016  9 21 20 29 16 844173  -11.809030  -75.322810    8370  18.9  0  1  5  7 0 1 0 1 0 0 0 1 1 0 1 0 0 0
2016  9 21 20 37 18 650058  -11.467550  -76.288460    2996  15.9  0 -1  6 15 0 0 1 0 1 0 0 0 1 0 1 1 0 1
2016  9 21 20 47 15  12578  -10.827450  -76.543660    3477  15.7  0  0  5 10 0 0 1 0 0 0 0 0 1 0 1 1 0 1
2016  9 21 20 58 59 527056  -11.353480  -76.258980    4097  15.6  0 -3  5 10 0 0 1 0 1 0 0 0 1 0 1 0 0 1
2016  9 21 21 24 35 916581  -11.692060  -76.481510    3331  12.5  0  0  6 15 0 0 1 1 1 0 0 0 1 0 1 0 0 1
2016  9 21 21 29 54 741347  -10.854980  -76.871890    5599  16.3  0 -1  4  6 0 0 1 0 1 0 0 1 1 0 0 0 0 0
2016  9 21 21 36 38 571700  -11.809370  -75.646280    3190  19.7  0  0  6 15 0 1 1 1 1 0 0 0 0 0 0 1 0 1
2016  9 21 21 40  2 105035  -11.975880  -75.785530    3733  10.7  0  0  4  6 0 0 1 0 0 0 0 1 0 0 1 1 0 0
2016  9 21 21 41 35 526913  -11.709910  -75.635510    2699  15.0  0 -3  7 21 0 0 1 0 1 0 0 1 1 0 1 1 0 1
2016  9 21 21 41 35 598377  -11.703370  -75.619800    3093  18.8  0  2  6 15 0 0 1 0 1 0 0 0 1 0 1 1 0 1
2016  9 21 21 48 36 490615  -11.797410  -76.119400    2705  10.1  0  0  6 15 0 0 1 1 1 0 0 0 0 0 1 1 0 1
2016  9 21 21 52 31 655200  -11.226380  -75.516620    6226  13.5  0  0  5 10 0 0 0 1 1 0 0 1 1 0 1 0 0 0
2016  9 21 21 52 31 664862  -11.272890  -75.376020    7703   8.6  0  0  4  6 0 0 0 1 0 0 0 1 0 0 1 0 0 1
2016  9 21 21  3 12 256738  -11.466960  -76.192860    4173   0.5  0 -1  4  6 0 0 1 0 0 0 0 1 0 0 1 0 0 1
2016  9 21 21  9 26  98871  -10.571480  -76.904400    5837  15.7  0  0  4  6 0 0 1 1 0 0 0 1 1 0 0 0 0 0
2016  9 21 21  9 51 337515  -11.823040  -76.330760    2716  10.6  0 -1  6 15 0 0 1 1 1 0 0 1 0 0 1 1 0 0
2016  9 21 21  9 51 371350  -11.821230  -76.340670    2524  10.1  0 -2  7 21 0 0 1 1 1 0 0 1 0 0 1 1 0 1
2016  9 21 22 18 41 836467  -11.268210  -76.238620    3051  19.9  0  1  6 15 0 0 1 1 0 0 0 1 1 0 0 1 0 1
2016  9 21 22 19 15 247270  -11.016370  -76.081450    2718   7.3  0  0  6 15 0 0 1 0 1 0 0 1 1 0 1 1 0 0
2016  9 21 22 19 15 255662  -11.013260  -76.113430    2937   9.9  0  1  7 21 0 0 0 1 1 0 0 1 1 0 1 1 0 1
2016  9 21 22 19 15 263485  -11.011490  -76.103970    2565  10.1  0  0  7 21 0 0 1 0 1 0 0 1 1 0 1 1 0 1
2016  9 21 22 32 49 917835  -11.885360  -75.699680    6270  17.2  0 -3  5  7 0 0 1 1 0 0 0 1 1 0 1 0 0 0
2016  9 21 22 39 55 590659  -10.903540  -76.023790    4344  15.8  0 -2  5 10 0 0 1 0 0 0 0 1 1 0 1 0 0 1
2016  9 21 22 46 42 737569  -10.896920  -76.141750    4310   3.7  0 -1  4  6 0 0 1 0 0 0 0 1 0 0 1 0 0 1
2016  9 21 22 47 56  62850  -10.913990  -76.072810    3500  18.9  0 -2  5  9 0 0 1 0 0 0 0 1 1 0 0 1 0 1
2016  9 21 22 50 40 831208  -11.880170  -75.513560    4852   4.5  0 -1  4  6 0 0 0 0 0 0 0 0 1 0 1 1 0 1
2016  9 21 22 53 23 176480  -11.838250  -75.566090    2805   3.9  0 -2  5 10 0 0 1 0 0 0 0 1 0 0 1 1 0 1
2016  9 21 22 53 23 291588  -11.848380  -75.549060    4196   3.6  0 -2  4  6 0 0 1 0 0 0 0 1 0 0 1 0 0 1
2016  9 21 22 53 23  23225  -11.804130  -75.621170    4439   5.7  0  0  4  6 0 0 1 1 0 0 0 1 0 0 0 0 0 1
2016  9 21 22  2 40 565269  -11.716930  -75.633300    3571  14.6  0  2  6 14 0 0 1 1 1 0 0 0 1 0 1 0 0 1
2016  9 21 22  4 32 170392  -11.236540  -76.312330    3617  19.6  0  2  5  9 0 0 1 1 0 0 0 1 1 0 0 1 0 0
2016  9 21 23  4 32 365372  -11.804640  -75.643160    3648  19.9  0 -3  6 15 0 0 1 1 1 0 0 0 1 0 1 0 0 1
2016  9 21 23  4 32 400871  -11.862900  -75.497810    2868  12.7  0 -2  6 15 0 0 1 0 1 0 0 0 1 0 1 1 0 1
2016  9 22 23 26  8 400305  -11.869910  -76.177410    4389   4.3  0 -1  4  6 0 0 1 0 0 0 0 0 1 0 1 0 0 1
2016  9 22 23 33 37 371557  -11.771610  -76.129950    4674  14.3  0  0  5  7 0 0 1 1 1 0 0 0 1 0 0 0 0 1
2016  9 22  8 56 21   9607  -11.084600  -75.181380    4726   3.4  0  0  4  6 0 0 0 0 1 0 0 1 1 0 0 1 0 0
2016  9 23 11 15 32 960863  -11.297550  -75.864810    9507  14.5  0 -1  4  6 0 0 0 1 0 0 0 1 0 0 1 0 0 1
2016  9 23 11 18  6 675091  -11.177150  -75.473730    2618  12.8  0 -2  7 21 0 0 1 1 0 0 0 1 1 0 1 1 0 1
2016  9 23 11 45 18 206906  -11.402460  -75.352420    2766  11.5  0 -2  6 15 0 0 1 1 0 0 0 0 1 0 1 1 0 1
2016  9 23 14 52 23 475801  -10.909300  -76.072720    4788   3.9  0  2  4  6 0 0 1 1 0 0 0 1 1 0 0 0 0 0
2016  9 23 16 31 34 896319  -10.361970  -76.505910    4997   4.9  0  0  4  6 0 0 0 1 0 0 0 1 0 0 0 1 0 1
2016  9 23 16 51 47 726931  -10.538320  -75.428750    3183  10.7  0  0  6 15 0 0 1 1 1 0 0 1 1 0 0 0 0 1
2016  9 23 16 56 32  59469  -10.592700  -75.528320    3609  12.9  0 -1  4  6 0 0 1 1 0 0 0 0 0 0 0 1 0 1
2016  9 23 18 25  2 741590  -10.295240  -75.395940    2896  15.1  0 -3  6 15 0 0 1 1 0 0 0 0 1 0 1 1 0 1
2016  9 23 18 34 19 770442  -10.648320  -76.293690    7698  10.2  0  3  4  6 0 0 0 1 0 0 0 1 1 0 1 0 0 0
2016  9 23 18 56 49 177215  -10.978450  -75.233020    3989  13.9  0  0  4  6 0 0 1 0 0 0 0 1 0 0 1 1 0 0
2016  9 23 20 25 35  11019  -10.428650  -75.052800    2959   8.6  0  0  5 10 0 0 1 0 0 0 0 1 0 0 1 1 0 1
2016  9 23 21 35 58 674112  -11.657460  -76.195510    4223   2.9  0 -1  4  6 0 0 1 0 0 0 0 1 0 0 1 0 0 1
2016  9 23 21 38 44 315341  -11.527370  -76.209420    4843   2.0  0  0  5  7 0 0 1 0 1 0 0 0 1 0 1 0 0 1
2016  9 23 21 49 58 475945  -11.669740  -76.024320    3724   9.0  0  1  4  6 0 0 1 0 0 0 0 0 1 0 0 1 0 1
2016  9 23 21 55 42 774928  -11.718820  -75.188190    6924   5.4  0  3  4  6 0 0 0 1 0 0 0 1 1 0 1 0 0 0
2016  9 23 21  7 10 108943  -10.454600  -75.024960    3077  13.4  0  0  5 10 0 0 1 0 1 0 0 1 0 0 0 1 0 1
2016  9 23 21  7 10 395150  -10.458190  -75.115830    2987  19.6  0 -3  6 15 0 0 1 1 1 0 0 0 1 0 0 1 0 1
2016  9 23 22 12 46 573069  -11.903060  -75.662050    3305   1.4  0 -3  4  6 0 0 1 0 0 0 0 1 0 0 1 1 0 0
2016  9 23 22 21 27 305995  -10.997890  -75.982120    6227  19.8  0  3  4  6 0 0 1 0 0 0 0 1 0 0 1 0 0 1
2016  9 23 22 21 55 760082  -11.939830  -75.914720    3136   8.6  0 -2  6 15 0 0 1 1 1 0 0 1 1 0 0 0 0 1
2016  9 23 22 21 55 781269  -11.961170  -75.893270    3010  13.4  0 -1  7 21 0 0 1 1 1 0 0 1 1 0 1 0 0 1
2016  9 23 22 27 43 214704  -11.690850  -76.032890    3646   8.9  0  1  5 10 0 0 1 0 1 0 0 1 0 0 1 0 0 1
2016  9 23 22 27 43 241184  -11.693070  -76.011880    2601   6.6  0 -2  6 15 0 0 1 1 0 0 0 1 0 0 1 1 0 1
2016  9 23 22 27 59 554980  -10.816340  -76.283030    2753  17.3  0  0  7 21 0 0 1 1 1 0 0 0 1 0 1 1 0 1
2016  9 23 22 29 10 110049  -11.721830  -75.990570    2667  14.7  0 -1  7 21 0 0 1 0 1 0 0 1 1 0 1 1 0 1
2016  9 23 22 30 29 681715  -11.713710  -75.983150    5230  13.4  0  0  4  6 0 0 1 0 0 0 0 1 0 0 1 0 0 1
2016  9 23 22 33 39 547836  -10.394160  -75.227300    3282   6.1  0 -1  4  6 0 0 1 0 0 0 0 1 0 0 0 1 0 1
2016  9 23 22 34 11 239591  -10.430770  -75.281750    3550   7.8  0  0  5 10 0 0 0 0 1 0 0 1 1 0 1 1 0 0
2016  9 23 22 38 11 226100  -10.438380  -75.232740    2470   5.3  0 -1  7 21 0 0 1 1 1 0 0 1 1 0 1 1 0 0
2016  9 23 22 38 11 279143  -10.441820  -75.225920    3258   4.9  0 -2  5 10 0 0 0 1 1 0 0 1 0 0 1 1 0 0
2016  9 23 22 38 11 309209  -10.436450  -75.270320    4297   4.4  0  0  5  7 0 0 1 1 0 0 0 1 0 0 1 0 0 1
2016  9 23 22 38 11 527766  -10.413060  -75.274990    2860   5.8  0  0  5 10 0 0 1 0 0 0 0 1 0 0 1 1 0 1
2016  9 23 22 38 12 915244  -10.445010  -75.208080    4146  14.4  0 -1  6 11 0 1 1 1 0 0 0 1 0 0 1 0 0 1
2016  9 23 22 41 58 271905  -10.431480  -75.199060    4708   8.6  0 -1  4  6 0 0 1 0 0 0 0 1 0 0 1 0 0 1
2016  9 23 22 42 13  17237  -10.786560  -76.862110    5057   2.5  0 -3  5 10 0 0 0 1 1 0 0 0 1 0 1 0 0 1
2016  9 23 22 42 20 196257  -10.584340  -75.011700    3134  14.7  0 -2  5 10 0 0 1 0 1 0 0 1 0 0 0 1 0 1
2016  9 23 22 42  6 725138  -10.998230  -75.527490    9237  18.5  0  0  4  6 0 0 0 1 0 0 0 1 1 0 1 0 0 0
2016  9 23 22 43 20 815828  -10.531900  -75.130020    2872   6.0  0  0  5 10 0 0 1 0 0 0 0 1 0 0 1 1 0 1
2016  9 23 22 43 59 435057  -10.422520  -75.340840    4313  10.7  0  0  5  9 0 0 1 1 0 0 0 1 1 0 1 0 0 0
2016  9 23 22 45 25 900402  -10.528120  -75.399700    3566  10.3  0  0  4  6 0 0 1 1 0 0 0 0 0 0 1 1 0 0
2016  9 23 22 46 59 576409  -10.448020  -75.236760    2701  10.4  0  2  6 15 0 0 1 1 0 0 0 1 1 0 0 1 0 1
2016  9 23 22 50 44  64010  -10.436300  -75.290210    3322   1.5  0 -1  4  6 0 0 1 0 0 0 0 0 0 0 1 1 0 1
2016  9 23 22 53  6 148527  -10.449170  -75.143230    3079  11.1  0  2  5 10 0 0 1 0 1 0 0 0 0 0 1 1 0 1
2016  9 23 22 53  6 174465  -10.444450  -75.146970    2683   9.8  0  1  6 15 0 0 1 0 1 0 0 1 0 0 1 1 0 1
2016  9 23 22 57  9 867082  -10.493480  -75.212990    3269  19.4  0  0  7 21 0 0 0 1 1 0 0 1 1 0 1 1 0 1
2016  9 23 22  8  4  79144  -11.793930  -75.883450    2660  14.2  0 -1  7 21 0 0 1 0 1 0 0 1 1 0 1 1 0 1
2016  9 23 23 16 35    267  -11.835580  -76.107800    3183  13.0  0  0  5 10 0 0 1 0 1 0 0 0 1 0 0 1 0 1
2016  9 23 23 27 50  52402  -11.594170  -76.337420    3802  10.4  0 -3  5 10 0 0 1 1 0 0 0 0 1 0 1 0 0 1
2016  9 23 23 31 19 550109  -11.328450  -76.358700    4892  11.2  0 -1  4  6 0 0 1 0 0 0 0 0 1 0 1 0 0 1
2016  9 23 23 40 14 898248  -10.361990  -75.461330    3544   7.5  0  3  4  6 0 0 1 0 0 0 0 0 0 0 1 1 0 1
2016  9 23 23 42 28 457723  -10.203400  -75.409390    4460  13.8  0 -3  5 10 0 0 0 0 1 0 0 0 1 0 1 1 0 1
2016  9 23 23 42 28 620620  -10.224890  -75.568570    2814  19.4  0 -2  7 20 0 0 1 1 1 0 0 0 1 0 1 1 0 1
2016  9 23 23 49 42 764632  -10.249560  -75.559590    3532   6.5  0 -3  5 10 0 0 1 0 1 0 0 0 1 0 1 0 0 1
2016  9 23 23 54 14 430979  -10.284550  -75.514050    5277  17.8  0  0  5  7 0 0 1 1 0 0 0 0 1 0 1 0 0 1
2016  9 23 23 57 43 236334  -10.811140  -76.679500    5199  13.6  0  2  4  6 0 0 1 0 0 0 0 0 1 0 1 0 0 1
2016  9 23 23  1 39 338920  -11.341910  -76.520310    2730  16.2  0 -2  7 21 0 0 1 0 1 0 0 1 1 0 1 1 0 1
2016  9 23 23  1 49 478983  -10.517960  -75.078960    4363  18.7  0 -2  4  6 0 0 1 0 0 0 0 0 0 0 1 1 0 1
2016  9 23 23  2 27  41035  -10.377000  -75.388690    8446  11.9  0 -2  4  6 0 0 0 1 0 0 0 1 0 0 1 0 0 1
2016  9 23 23  5 37 682344  -11.488560  -76.701520    5167  18.9  0 -2  5 10 0 0 0 1 1 0 0 0 0 0 1 1 0 1
2016  9 23 23  6 15 126770  -11.946290  -75.704290    3119  13.9  0  3  6 13 0 0 1 0 1 0 0 0 1 0 1 1 0 1
2016  9 23  0 37 50  13870  -11.473480  -76.463940    3521   7.3  0 -1  4  6 0 0 1 0 0 0 0 0 0 0 1 1 0 1
2016  9 23  9 17 19 687580  -11.903330  -76.063780    7190   5.5  0  0  4  6 0 0 0 1 0 0 0 1 1 0 1 0 0 0
2016  9 23  9 42 40 647146  -11.138630  -76.146130    7196   6.0  0  3  4  6 0 0 0 1 0 0 0 1 1 0 1 0 0 0
2016  9 24 18 13 56 173915  -11.493430  -75.316760    3107  14.8  0 -2  7 21 0 0 0 1 1 0 0 1 1 0 1 1 0 1
2016  9 24 18 48 56 273052  -10.030780  -75.822820    3522   9.6  0 -2  4  6 0 0 1 0 1 0 0 1 0 0 0 1 0 0
2016  9 24 18 53 20 532036  -11.056690  -75.155040    4443  17.8  0  0  5 10 0 0 1 1 0 0 0 1 0 0 1 0 0 1
2016  9 24 18 55 10 674347  -10.383950  -75.110500   10613  15.8  0 -3  5 10 0 0 0 1 1 0 0 1 1 0 0 0 0 1
2016  9 24 18 59  0  27852  -11.128970  -75.289640    2804   7.3  0 -1  7 21 0 0 1 1 1 0 0 1 1 0 1 0 0 1
2016  9 24 19 12  3 552820  -10.471140  -75.534150    4066  12.4  0  0  5 10 0 0 1 1 0 0 0 1 0 0 1 0 0 1
2016  9 24 19 21 56 771818  -11.182230  -75.210690    2884  16.3  0 -3  6 15 0 0 1 1 1 0 0 0 1 0 0 1 0 1
2016  9 24 19 29 50 367382  -10.491370  -75.433970    3119  11.0  0 -1  5 10 0 0 1 1 0 0 0 0 1 0 1 1 0 0
2016  9 24 19 31 16 570009  -11.689930  -76.321250    2842  11.3  0 -3  6 15 0 0 1 0 1 0 0 0 1 0 1 1 0 1
2016  9 24 19 31 16 606287  -11.703180  -76.361410    3237   1.8  0 -1  4  6 0 0 1 1 0 0 0 0 0 0 1 1 0 0
2016  9 24 19 35 32 275182  -10.592860  -75.148010    3622  17.5  0 -3  6 14 0 0 1 1 1 0 0 0 1 0 1 0 0 1
2016  9 24 19 35 32 365154  -10.638440  -75.117390    2897  15.4  0 -1  6 15 0 0 1 1 1 0 0 0 0 0 1 1 0 1
2016  9 24 19 37 34 831268  -11.368220  -76.713350    2711  15.8  0  1  7 20 0 0 1 1 1 0 0 0 1 0 1 1 0 1
2016  9 24 19 38 44 700849  -11.887100  -76.219940    2910   7.1  0 -1  6 11 0 0 1 0 1 0 0 0 1 0 1 1 0 1
2016  9 24 19 39 33 317857  -11.619740  -76.378700    4631   8.0  0  1  4  6 0 0 1 0 0 0 0 1 0 0 1 0 0 1
2016  9 24 19 39 33 927763  -10.946480  -75.208980    6516  19.4  0  1  4  6 0 0 1 1 0 0 0 1 0 0 1 0 0 0
2016  9 24 19 40  5 831948  -11.342040  -75.119800    6972   6.6  0 -3  4  6 0 0 1 1 0 0 0 0 0 0 1 0 0 1
2016  9 24 19 43 27 553383  -11.181920  -75.459060   11902   2.5  0 -3  4  6 0 0 0 1 0 0 0 1 1 0 0 0 0 1
2016  9 24 19  4 55 642660  -10.733080  -75.013960    5728  14.7  0 -1  4  6 0 0 1 1 0 0 0 1 0 0 1 0 0 0
2016  9 24 20 17 40 735694  -10.766630  -75.206230    4881  10.1  0 -1  4  6 0 0 1 1 0 0 0 1 0 0 0 0 0 1
2016  9 24 20 17 40 871579  -10.741170  -75.223430    3812   9.9  0 -1  5 10 0 0 1 1 0 0 0 1 0 0 1 0 0 1
2016  9 24 20 30 28 678059  -10.120210  -75.608980    5775  14.1  0  0  4  6 0 0 1 1 0 0 0 1 0 0 1 0 0 0
2016  9 24 20 50 16 738242  -10.200330  -75.027340    3539   7.7  0 -1  4  6 0 0 1 0 0 0 0 0 0 0 1 1 0 1
2016  9 24 20  1 42 462893  -11.827730  -76.233720    9118  15.1  0 -2  4  6 0 0 1 1 0 0 0 0 0 0 1 0 0 1
2016  9 24 20  3 14 899673  -11.746100  -76.146340    2959  16.7  0 -2  6 15 0 0 1 0 1 0 0 1 1 0 0 1 0 1
2016  9 24 20  4 38 838990  -10.064480  -75.248320    6317  17.5  0 -1  4  6 0 0 1 1 0 0 0 1 0 0 1 0 0 0
2016  9 24 20  8  4 307299  -11.467320  -76.603350    3618  15.8  0  1  6 15 0 0 1 1 1 0 0 1 0 0 1 0 0 1
2016  9 24 20  8  4 329759  -11.536250  -76.462900    3873  19.6  0 -1  6 15 0 0 0 1 1 0 0 1 0 0 1 1 0 1
2016  9 24 21 17 24 328169  -11.668250  -75.857320    2972  12.1  0  0  7 21 0 0 1 1 1 0 0 1 1 0 1 0 0 1
2016  9 24 21 21 19 337422  -11.987020  -75.812310    4451   6.9  0 -1  4  6 0 0 1 0 0 0 0 1 0 0 1 0 0 1
2016  9 24 21 21 31 240492  -11.973790  -76.179130    5801  16.4  0  2  4  6 0 0 1 1 0 0 0 1 1 0 0 0 0 0
2016  9 24 21 25 44 507239  -11.568240  -76.084730    4246  14.1  0  0  5 10 0 0 1 0 0 0 0 1 1 0 1 0 0 1
2016  9 24 21 25 44 527852  -11.517200  -76.161640    4649  14.6  0 -2  5  8 0 1 1 0 0 0 0 1 0 0 1 0 0 1
2016  9 24 21 33 26 671840  -10.183450  -75.224270    5219  14.1  0 -2  4  6 0 0 1 0 1 0 0 1 1 0 0 0 0 0
2016  9 24 21  3 15 591090  -10.617200  -75.448890   12756  12.0  0 -3  4  6 0 0 0 1 1 0 0 1 1 0 0 0 0 0
2016  9 24 22 10 54 492124  -11.432580  -76.001200    3228  14.8  0 -1  5 10 0 0 1 0 0 0 0 1 0 0 1 1 0 1
2016  9 24 22 17 38 210260  -10.330520  -75.008830    3168  14.8  0  2  5 10 0 0 1 0 0 0 0 1 0 0 1 1 0 1
2016  9 24 22 27 59 675056  -11.655650  -75.926900    3486   2.6  0  2  5 10 0 0 1 1 0 0 0 0 1 0 1 0 0 1
2016  9 24 22  0 37  32746  -10.316140  -75.074970    3326   3.2  0  1  4  6 0 0 1 0 0 0 0 1 0 0 1 1 0 0
2016  9 24 23 38 45 911717  -11.956140  -75.130350    4530   8.3  0 -1  4  6 0 0 1 0 0 0 0 0 1 0 1 0 0 1
2016  9 24 23 39 50   5655  -11.424500  -75.218730    9592  17.6  0 -2  4  6 0 0 1 1 0 0 0 0 0 0 1 0 0 1
2016  9 24  0 18 40 749722  -11.915170  -76.252220    3337  17.5  0  0  5  9 0 0 1 1 1 0 0 0 0 0 0 1 0 1
2016  9 24  0 19 58  73314  -10.322790  -75.490970    3329   1.7  0  3  4  6 0 0 1 0 0 0 0 0 0 0 1 1 0 1
2016  9 24  0 32  8 124483  -10.303090  -75.448680    4106  15.8  0 -3  4  6 0 0 1 0 0 0 0 0 0 0 1 1 0 1
2016  9 24  0 33 36 763139  -10.254100  -75.484080    3478  18.7  0  1  5 10 0 0 1 1 0 0 0 0 0 0 1 1 0 1
2016  9 24  0 36  0 506078  -10.253310  -75.555670    3165  18.0  0 -3  6 13 0 0 1 1 0 0 0 0 1 0 1 1 0 1
2016  9 24  0  3 47 671200  -10.503330  -75.339110    5184  14.0  0  2  5  7 0 0 1 1 1 0 0 0 1 0 0 0 0 1
2016  9 24  0  4 31  14418  -10.168410  -75.604130    3387   3.7  0  3  4  6 0 0 1 0 0 0 0 0 0 0 1 1 0 1
2016  9 24  2 49  8 179388  -10.512510  -75.118070    6655   3.5  0 -2  4  6 0 0 1 1 0 0 0 0 0 0 1 0 0 1
2016  9 24  2 56 14  32568  -10.502410  -75.227020    5059   3.9  0 -3  5 10 0 0 1 1 1 0 0 0 0 0 1 0 0 1
2016  9 24  3 12 54 790913  -10.533810  -75.198520    4022  15.0  0  2  4  6 0 0 1 0 0 0 0 1 0 0 1 1 0 0
2016  9 24  3 23 16  16284  -10.526970  -75.154520    3180  10.5  0  1  5 10 0 0 1 0 0 0 0 0 1 0 1 1 0 1
2016  9 24  3 25  4 330708  -10.518330  -75.227260    3421   5.2  0 -3  4  6 0 0 1 0 0 0 0 0 0 0 1 1 0 1
2016  9 24  3 30 44 845705  -10.516890  -75.291900    2918   8.0  0  1  5 10 0 0 1 1 0 0 0 0 0 0 1 1 0 1
2016  9 24  3 31 12 471012  -10.563240  -75.148210    3594  19.2  0 -2  6 15 0 0 1 1 1 0 0 0 1 0 1 0 0 1
2016  9 24  3 35 11 149531  -10.529300  -75.297780    3088  11.9  0 -3  5 10 0 0 1 1 0 0 0 0 0 0 1 1 0 1
2016  9 24  3  2 30 102893  -10.478100  -75.292950    3458   8.5  0  1  4  6 0 0 1 1 0 0 0 0 0 0 1 1 0 0
2016  9 24  3  4 46 675722  -10.474260  -75.232870    5182  11.8  0  3  4  6 0 0 1 1 0 0 0 1 0 0 0 0 0 1
2016  9 24  3  7 27 810833  -10.500450  -75.331170    3314   4.7  0 -2  4  6 0 0 1 1 0 0 0 0 0 0 1 1 0 0
2016  9 24  3  8 48  83831  -10.441010  -75.477320    3461  14.3  0 -3  6 15 0 0 1 1 1 0 0 1 1 0 1 0 0 0
2016  9 24  4 29 39 991592  -10.383080  -75.410810    4056  19.7  0  3  6 15 0 0 0 1 1 0 0 0 1 0 1 1 0 1
2016  9 24  5 13 36 207209  -11.000710  -75.362980    3574   8.5  0  1  4  6 0 0 1 0 0 0 0 1 0 0 1 1 0 0
2016  9 24  5 13 36 215312  -10.999220  -75.362570    3551   8.1  0  0  4  6 0 0 1 0 0 0 0 1 0 0 1 1 0 0
2016  9 25 16 45 22 141274  -10.060420  -75.131020    3748  13.2  0  0  4  6 0 0 1 1 0 0 0 0 0 0 1 1 0 0
2016  9 25 18 29  5 932265  -10.376570  -76.645830    4805   9.9  0 -2  4  6 0 0 1 0 0 0 0 0 1 0 1 0 0 1
2016  9 25 18 31 49 584466  -10.580080  -76.692920    4066  12.0  0 -2  5 10 0 0 1 1 0 0 0 1 0 0 1 0 0 1
2016  9 25 18 31 49 800915  -10.582640  -76.652670    4349   3.3  0 -3  4  6 0 0 1 0 0 0 0 1 0 0 1 0 0 1
2016  9 25 18 32 14 940501  -10.573160  -76.564140    2975  10.1  0  0  7 21 0 0 0 1 1 0 0 1 1 0 1 1 0 1
2016  9 25 18 32 14 954187  -10.587450  -76.608820    2518   9.1  0 -2  7 21 0 0 1 1 1 0 0 1 0 0 1 1 0 1
2016  9 25 18 42 12 391634  -11.528320  -76.887630    6396  19.2  0 -3  5  7 0 0 1 1 0 0 0 1 1 0 1 0 0 0
2016  9 25 18 53 19 157410  -10.530540  -76.706760    3433   4.2  0 -1  4  6 0 0 1 0 0 0 0 1 0 0 1 1 0 0
2016  9 25 18 53 19 197960  -10.514680  -76.753450    3133  18.4  0 -1  6 14 0 0 1 1 0 0 0 1 1 0 1 1 0 0
2016  9 25 18 53 19 245221  -10.449690  -76.872600    4237  13.8  0 -1  5 10 0 0 1 1 0 0 0 1 0 0 1 0 0 1
2016  9 25 18 53 19 304415  -10.716320  -76.616650    5203   4.0  0 -1  5 10 0 0 1 1 1 0 0 0 0 0 1 0 0 1
2016  9 25 18 53 19 343852  -10.503390  -76.649960    4273  10.0  0  0  5 10 0 0 0 0 1 0 0 0 1 0 1 1 0 1
2016  9 25 18 53 19 381590  -10.532330  -76.782870    3022  11.2  0  0  5 10 0 0 1 1 1 0 0 0 0 0 0 1 0 1
2016  9 25 18 53 40 105252  -11.752320  -76.389840    2855  13.5  0  0  6 15 0 0 1 0 1 0 0 1 1 0 0 1 0 1
2016  9 25 18 57 53 415207  -10.775770  -76.185040    3361  19.2  0  0  5 10 0 0 1 0 1 0 0 1 0 0 0 1 0 1
2016  9 25 19 11 40  84199  -11.580620  -76.450900    4036  14.5  0  0  4  6 0 0 1 0 0 0 0 0 0 0 1 1 0 1
2016  9 25 19 45 39 573473  -11.531260  -76.327870    2634   6.9  0 -3  6 15 0 0 1 1 1 0 0 0 0 0 1 1 0 1
2016  9 25 19 52 30 192498  -11.569620  -76.341550    4397   0.9  0  0  4  6 0 0 1 1 0 0 0 1 0 0 1 0 0 0
2016  9 25 19 58 45 950370  -11.281700  -76.472100    3485  13.6  0 -1  6 15 0 0 0 1 1 0 0 1 0 0 1 1 0 1
2016  9 25 19 59 15 201971  -11.202690  -76.225170    2647   7.9  0 -2  6 15 0 0 1 1 1 0 0 1 0 0 1 1 0 0
2016  9 25 19 59 15 396285  -11.196440  -76.237630    4144  14.7  0 -3  5 10 0 0 1 0 1 0 0 1 0 0 1 0 0 1
2016  9 25 19  3 59 634927  -11.842390  -76.064800    4199   1.2  0  0  4  6 0 0 0 0 0 0 0 1 1 0 1 1 0 0
2016  9 25 19  3  2 351620  -11.593060  -76.137830    3202   9.8  0 -3  5 10 0 0 1 0 0 0 0 1 1 0 1 1 0 0
2016  9 25 19  3  2 457700  -11.593030  -76.195990    2916  16.6  0 -2  6 15 0 0 1 1 0 0 0 1 0 0 1 1 0 1
2016  9 25 19  8  3 556212  -11.568680  -76.194250    4518  12.0  0  0  4  6 0 0 0 1 0 0 0 1 0 0 1 1 0 0
2016  9 25 20 13 24 800588  -11.919730  -75.998190    2970  11.1  0 -1  5 10 0 0 1 1 0 0 0 1 0 0 0 1 0 1
2016  9 25 20 15  1 590585  -11.094540  -76.324420    5205  14.9  0 -3  4  6 0 0 1 1 0 0 0 0 1 0 0 0 0 1
2016  9 25 20 23 10 868707  -11.235050  -76.455080    2695  10.0  0  0  6 15 0 0 1 1 0 0 0 1 0 0 1 1 0 1
2016  9 25 20 23 10 877139  -11.204280  -76.499660    5628  13.4  0  2  4  6 0 0 1 1 0 0 0 1 0 0 1 0 0 0
2016  9 25 20 27 21 274311  -11.154890  -76.350410    4082  12.8  0 -1  5 10 0 0 1 0 1 0 0 1 1 0 1 0 0 0
2016  9 25 20 30 31 164506  -10.614560  -76.916730    3081   9.9  0  0  5 10 0 0 1 0 1 0 0 0 0 0 1 1 0 1
2016  9 25 20 30 31 336347  -10.549200  -76.611110    5040   5.5  0 -1  4  6 0 0 0 0 0 0 0 0 1 0 1 1 0 1
2016  9 25 20 34 44 617646  -11.501370  -76.206440    5908  11.1  0  0  5 10 0 0 1 1 1 0 0 0 0 0 1 0 0 1
2016  9 25 20 35 43  77499  -11.182140  -76.114910    3756  10.7  0  3  4  6 0 0 1 0 0 0 0 0 0 0 1 1 0 1
2016  9 25 20 36 19 402425  -11.199540  -76.057200    3179   3.9  0 -2  4  6 0 0 1 1 1 0 0 0 0 0 0 1 0 0
2016  9 25 20 42 28 412740  -10.560890  -76.994370    2807  18.6  0  1  7 21 0 0 1 1 1 0 0 0 1 0 1 1 0 1
2016  9 25 20 42 28 421265  -10.560680  -76.994180    2816  18.9  0  0  7 21 0 0 1 1 1 0 0 0 1 0 1 1 0 1
2016  9 25 20 44 31 834962  -11.933910  -75.694880    2728  16.7  0  1  7 21 0 0 1 1 1 0 0 0 1 0 1 1 0 1
2016  9 25 20 47 14 179646  -11.770470  -75.818570    2748  16.6  0 -3  7 21 0 0 1 0 1 0 0 1 1 0 1 1 0 1
2016  9 25 20 47 14 410808  -11.802920  -75.824570    3612   9.0  0  0  4  6 0 0 1 0 0 0 0 1 0 0 1 1 0 0
2016  9 25 20 53  7 778390  -11.180270  -76.388440    2505   6.8  0 -1  7 20 0 0 1 1 1 0 0 1 0 0 1 1 0 1
2016  9 25 20  2 28 845888  -10.385120  -76.735640    4253  16.3  0 -2  4  6 0 0 1 0 0 0 0 1 0 0 1 1 0 0
2016  9 25 21 10 24 910815  -11.585710  -75.909900    3065  18.3  0 -1  6 15 0 0 1 0 1 0 0 0 1 0 1 1 0 1
2016  9 25 21 10 25  57297  -11.615510  -75.947830    3492   7.0  0 -2  4  6 0 0 1 0 0 0 0 0 0 0 1 1 0 1
2016  9 25 21 11 31 434409  -11.830870  -75.873240    5216  13.4  0 -1  4  6 0 0 1 0 0 0 0 1 0 0 1 0 0 1
2016  9 25 21 25  6 443903  -11.138700  -76.403580    4695  16.8  0 -1  5 10 0 0 1 1 0 0 0 1 1 0 1 0 0 0
2016  9 25 21 33 10 311919  -11.297150  -76.077790    2965   8.7  0 -1  5 10 0 0 1 0 1 0 0 1 0 0 1 1 0 0
2016  9 25 21 33 10 345767  -11.294260  -76.034240    3366  17.6  0  1  5 10 0 0 1 0 0 0 0 1 1 0 0 1 0 1
2016  9 25 21 36 32 831484  -11.513550  -75.805890    3330  19.7  0 -1  7 21 0 0 0 1 1 0 0 1 1 0 1 1 0 1
2016  9 25 21 36 32 843714  -11.559900  -75.948090    2773  19.3  0  0  7 21 0 0 1 1 1 0 0 1 0 0 1 1 0 1
2016  9 25 21 36 32 859590  -11.449600  -76.115330    4280  15.5  0 -1  5 10 0 0 1 1 0 0 0 1 0 0 1 0 0 1
2016  9 25 21 43 32 989635  -10.805250  -76.253590    3679  16.5  0  0  6 14 0 0 1 1 1 0 0 0 1 0 1 0 0 1
2016  9 25 21 43 33   9711  -10.754890  -76.340990    5505  14.9  0 -1  4  6 0 0 1 1 0 0 0 0 1 0 1 0 0 0
2016  9 25 21 45  6 277735  -11.796270  -75.699000    2746  17.3  0  1  7 21 0 0 1 0 1 0 0 1 1 0 1 1 0 1
2016  9 25 21  0 41 419403  -11.712210  -75.701900    3158   1.5  0 -2  4  6 0 0 1 0 0 0 0 1 0 0 0 1 0 1
2016  9 25 21  7 29 596339  -11.542140  -75.950800    3931  14.4  0 -3  6 12 0 0 1 1 1 0 0 0 1 0 1 0 0 1
2016  9 25 22 15 53 715931  -11.695630  -75.777590    5022   1.8  0  0  4  6 0 0 1 0 0 0 0 1 1 0 1 0 0 0
2016  9 25 22 41 27  19102  -11.712250  -76.269030    5351  11.6  0  0  4  6 0 0 1 1 0 0 0 1 0 0 1 0 0 0
2016  9 25 22 55  1 130290  -10.174410  -76.471610    4844   6.3  0  1  4  6 0 0 1 1 0 0 0 1 0 0 1 0 0 0
2016  9 25 22  5  8 150877  -10.949620  -76.139230    3540   7.3  0  2  4  6 0 0 1 0 0 0 0 1 0 0 1 1 0 0
2016  9 25 22  5  8 233564  -10.941400  -76.153790    3639   9.0  0  0  4  6 0 0 1 0 0 0 0 1 0 0 1 1 0 0
2016  9 25 22  5  8 410119  -10.936680  -76.193840    2875   8.1  0  1  5 10 0 0 1 1 1 0 0 1 0 0 0 1 0 0
2016  9 25 22  8 19 934221  -11.786980  -75.790470    7275   6.0  0  0  4  6 0 0 0 1 0 0 0 1 0 0 1 0 0 1
2016  9 25 23 41 34 511119  -11.856900  -75.414530    3086   6.5  0  1  6 15 0 0 1 1 1 0 0 0 1 0 1 0 0 1
2016  9 25  0 51 11 466307  -10.239940  -75.521170    3495   4.9  0 -3  5 10 0 0 1 0 1 0 0 0 1 0 1 0 0 1
2016  9 25  1 22 13 440224  -10.400350  -75.334510    2870  12.4  0  2  6 15 0 0 1 0 1 0 0 0 1 0 1 1 0 1
2016  9 25  4 32 31 278782  -10.009950  -75.292010    3091  10.2  0 -1  5 10 0 0 1 0 0 0 0 1 1 0 0 1 0 1
2016  9 25  6 47 31  87296  -10.741770  -75.364570    2982   3.7  0  1  5 10 0 0 1 0 0 0 0 1 1 0 1 1 0 0
2016  9 25  6 47 31  95811  -10.736420  -75.347660    4083   0.8  0  0  4  6 0 0 0 0 0 0 0 1 1 0 1 1 0 0
2016  9 25  8  4 51 489660  -10.338530  -75.105750    3444  12.5  0 -1  5  8 0 0 1 0 0 0 0 0 1 0 1 1 0 1
2016  9 25  8  7 47 947457  -10.364240  -75.106430    4967  12.7  0  1  4  6 0 0 1 0 0 0 0 0 1 0 1 0 0 1
2016  9 25  8  7 48 153702  -10.314320  -75.170920    3715  18.0  0 -1  5  8 0 0 1 0 0 0 0 0 1 0 1 1 0 1
2016  9 25  8  7 48 338153  -10.324240  -75.144640    3089  17.2  0 -1  6 13 0 0 1 0 1 0 0 0 1 0 1 1 0 1
2016  9 26 19 29 24 751078  -10.867750  -76.471240    3010  10.0  0  0  5 10 0 0 1 1 0 0 0 0 0 0 1 1 0 1
2016  9 26 19 48 55 183177  -11.954530  -75.752330    2980  15.7  0 -3  6 15 0 0 1 0 1 0 0 0 1 0 1 1 0 1
2016  9 26 19 51 48 856215  -11.012230  -76.439920    7427   9.8  0  1  4  6 0 0 0 1 0 0 0 0 1 0 1 0 0 1
2016  9 26 19 52 48 990819  -11.680610  -75.424120    3373   8.7  0 -1  4  6 0 0 1 1 0 0 0 1 0 0 0 1 0 0
2016  9 26 19 53 27 562691  -10.578770  -75.244620    3665  12.3  0 -3  5  7 0 0 1 0 0 0 0 1 1 0 1 1 0 0
2016  9 26 20 13 34 907860  -11.228720  -76.416620    4032  15.9  0  0  5 10 0 0 1 1 1 0 0 0 1 0 0 0 0 1
2016  9 26 20 14 54 441731  -11.497460  -76.261540    2956  15.8  0  0  6 15 0 0 1 1 1 0 0 0 1 0 1 1 0 0
2016  9 26 20 17 25 157048  -11.827810  -75.953740    7021   6.4  0 -1  4  6 0 0 1 1 0 0 0 0 0 0 1 0 0 1
2016  9 26 20 18  9 489391  -11.786810  -76.003350    7556   9.1  0 -1  4  6 0 0 1 1 0 0 0 0 0 0 1 0 0 1
2016  9 26 20 19 19 932060  -11.626290  -75.928390    3968  14.2  0  0  4  6 0 0 1 0 0 0 0 0 0 0 1 1 0 1
2016  9 26 20 19  0  73050  -11.538400  -76.196850    2841  14.6  0 -3  6 15 0 0 1 1 1 0 0 1 0 0 1 1 0 0
2016  9 26 20 22 17 755234  -11.692050  -75.927760    3499  19.3  0 -1  5 10 0 0 1 0 1 0 0 0 0 0 1 1 0 1
2016  9 26 20 24  0 549448  -11.099080  -76.327580    3742  10.7  0  0  5 10 0 0 1 0 1 0 0 0 1 0 1 0 0 1
2016  9 26 20 24  0 710632  -11.448660  -76.039490    6526   0.8  0 -3  4  6 0 0 1 1 0 0 0 0 0 0 1 0 0 1
2016  9 26 20 24  0 735779  -11.114850  -76.315170    4941  11.4  0  0  4  6 0 0 1 0 0 0 0 0 1 0 1 0 0 1
2016  9 26 20 25 47 559365  -10.818220  -76.228900    4435  18.5  0  3  4  6 0 0 1 0 0 0 0 0 0 0 1 1 0 1
2016  9 26 20 26 12 281762  -11.346770  -76.485080    3850  11.3  0 -3  5 10 0 0 1 1 0 0 0 0 1 0 1 0 0 1
2016  9 26 20 27 28 799649  -11.431330  -76.065890    7086   6.4  0 -3  4  6 0 0 1 1 0 0 0 0 0 0 1 0 0 1
2016  9 26 20 27 28 824523  -11.209600  -76.220710    3335   1.3  0 -1  4  6 0 0 1 0 0 0 0 0 0 0 1 1 0 1
2016  9 26 20 29 53 463063  -11.767940  -76.058210    6505   1.0  0 -1  4  6 0 0 1 1 0 0 0 0 0 0 1 0 0 1
2016  9 26 20 29 53 491542  -11.562630  -76.250240    2780  11.9  0 -2  6 15 0 0 1 1 1 0 0 0 0 0 1 1 0 1
2016  9 26 20 29 53 637089  -11.592160  -76.393460    4467   4.9  0 -2  4  6 0 0 0 1 0 0 0 0 0 0 1 1 0 1
2016  9 26 20 30 54   1262  -10.304380  -76.706280    2883   6.0  0  1  5 10 0 0 1 1 0 0 0 0 0 0 1 1 0 1
2016  9 26 20 31 17  23509  -11.529240  -76.232010    2905   7.6  0 -1  5 10 0 0 1 1 0 0 0 0 0 0 1 1 0 1
2016  9 26 20 35 26 870832  -10.383740  -76.602410    4493  19.1  0 -1  4  6 0 0 1 0 0 0 0 0 0 0 1 1 0 1
2016  9 26 20 36 38 427081  -10.322010  -76.806220    7399   6.5  0  0  4  6 0 0 1 1 0 0 0 0 0 0 1 0 0 1
2016  9 26 20 40 39 509764  -11.646460  -75.991450    3419  18.2  0  0  5 10 0 0 1 0 1 0 0 0 1 0 0 1 0 1
2016  9 26 20 41  5 275082  -11.576990  -76.579190   11282  19.0  0  0  4  6 0 0 0 1 0 0 0 1 0 0 1 0 0 1
2016  9 26 20 41  9 421484  -11.832850  -75.904020    2676   9.6  0  0  6 15 0 0 1 0 1 0 0 1 0 0 1 1 0 1
2016  9 26 20 42 13 292381  -11.802390  -75.559610    4423   9.9  0 -2  4  6 0 0 0 0 0 0 0 1 0 0 1 1 0 1
2016  9 26 20 42 33 747918  -11.610580  -75.986500    3206  14.3  0 -3  5 10 0 0 1 0 0 0 0 1 0 0 1 1 0 1
2016  9 26 20 45  8 107023  -11.774600  -76.010530    8695  13.7  0 -3  4  6 0 0 1 1 0 0 0 0 0 0 1 0 0 1
2016  9 26 20 45  8 245679  -11.784880  -75.986470    8282  12.2  0 -1  4  6 0 0 1 1 0 0 0 0 0 0 1 0 0 1
2016  9 26 20 45  8  37606  -11.696670  -76.047840    2729  16.0  0  0  7 20 0 0 1 1 1 0 0 0 1 0 1 1 0 1
2016  9 26 20 45  8  55436  -11.692560  -76.050030    2694  16.5  0  0  7 21 0 0 1 1 1 0 0 0 1 0 1 1 0 1
2016  9 26 20 45  8  77113  -11.711770  -76.068240    3027  12.0  0  0  5 10 0 0 1 1 0 0 0 0 0 0 1 1 0 1
2016  9 26 20 48  3 951018  -10.128660  -76.797600    3052  17.5  0  1  6 15 0 0 1 1 0 0 0 1 1 0 1 1 0 0
2016  9 26 20 48  3 958718  -10.137300  -76.826770    3111  11.8  0 -1  5 10 0 0 1 1 0 0 0 1 0 0 1 1 0 0
2016  9 26 20 52 15 861416  -10.454630  -76.664910    9397  12.8  0 -3  4  6 0 0 0 1 0 0 0 1 0 0 1 0 0 1
2016  9 26 20 53 43 666991  -11.466270  -76.159930    3917  11.6  0 -1  5 10 0 0 1 0 0 0 0 1 1 0 1 0 0 1
2016  9 26 20 53 43 916225  -11.934840  -75.771770    7591   9.6  0 -1  4  6 0 0 1 1 0 0 0 0 0 0 1 0 0 1
2016  9 26 20 55 15 806432  -11.670510  -76.053730    3093  13.9  0 -1  7 21 0 0 0 1 1 0 0 1 1 0 1 1 0 1
2016  9 26 20 55 15 958040  -11.637770  -76.180980    3031  11.4  0 -2  7 20 0 0 1 1 1 0 0 1 1 0 1 0 0 1
2016  9 26 20 55 16  84061  -11.705250  -76.111480    3452   6.2  0 -3  4  6 0 0 1 0 0 0 0 0 0 0 1 1 0 1
2016  9 26 20 56 30  74469  -10.163720  -76.468510    3551  15.2  0 -3  6 15 0 0 0 0 1 0 0 1 1 0 1 1 0 1
2016  9 26 20 56 51 617073  -10.754830  -76.520290    4982  10.3  0 -2  4  6 0 0 1 0 0 0 0 1 0 0 1 0 0 1
2016  9 26 20 57 33 720441  -10.103080  -75.966060    5547  13.4  0  1  4  6 0 0 0 0 0 0 0 0 1 0 1 1 0 1
2016  9 26 20 58 12 625764  -11.602310  -75.774460    4378  12.5  0  0  5 10 0 0 0 0 1 0 0 1 1 0 0 1 0 1
2016  9 26 20  5 11 874464  -11.978740  -75.042000    3592   9.0  0 -2  4  6 0 0 1 0 0 0 0 1 0 0 1 1 0 0
2016  9 26 21 10 12 497594  -10.038310  -76.860910    3210   9.6  0  0  6 15 0 0 1 1 1 0 0 1 1 0 0 0 0 1
2016  9 26 21 12 35 442758  -10.466520  -76.570920    8447  11.5  0 -2  4  6 0 0 1 1 0 0 0 0 0 0 1 0 0 1
2016  9 26 21 12 35 645995  -10.160180  -76.865110    4432  18.1  0 -1  5  9 0 0 1 1 0 0 0 0 1 0 1 0 0 1
2016  9 26 21 13 21 747987  -10.720080  -76.286180    9921  17.0  0  3  4  6 0 0 1 1 0 0 0 0 0 0 1 0 0 1
2016  9 26 21 13 21 796942  -11.699660  -75.880370    2910   7.2  0 -3  5 10 0 0 1 0 0 0 0 1 0 0 1 1 0 1
2016  9 26 21 15 49 991714  -11.777890  -75.745480    3486   7.1  0  0  4  6 0 0 1 0 0 0 0 0 0 0 1 1 0 1
2016  9 26 21 17 20 704169  -11.593610  -76.143490    4016  14.9  0 -1  5 10 0 0 1 0 1 0 0 1 1 0 0 0 0 1
2016  9 26 21 17 20 798779  -11.695480  -75.992790    5381  19.6  0 -1  5 10 0 0 0 1 1 0 0 1 0 0 0 1 0 1
2016  9 26 21 18 12 390328  -10.691580  -76.552540    3832  14.9  0  1  4  6 0 0 1 1 0 0 0 1 0 0 0 1 0 0
2016  9 26 21 18 12 412053  -10.598180  -76.685380    4844   8.1  0  0  4  6 0 0 1 1 0 0 0 1 0 0 0 0 0 1
2016  9 26 21 18 12 490228  -10.594820  -76.691850    4925   8.7  0  1  4  6 0 0 1 1 0 0 0 1 0 0 0 0 0 1
2016  9 26 21 18 59 362699  -11.689450  -75.968570    3117   6.7  0  1  5  8 0 0 1 1 0 0 0 1 0 0 1 1 0 0
2016  9 26 21 19  0 445230  -11.647980  -76.041110    4398  12.5  0  0  5  9 0 0 1 1 0 0 0 1 1 0 1 0 0 0
2016  9 26 21 20 35 143839  -11.242530  -76.186050    3464  13.8  0 -3  6 15 0 0 1 1 1 0 0 1 1 0 1 0 0 0
2016  9 26 21 23 32 624359  -10.257200  -76.581700    3411   4.3  0  2  4  6 0 0 1 0 0 0 0 1 0 0 1 1 0 0
2016  9 26 21 23 33  28042  -10.258660  -76.571380    3357   2.3  0 -2  4  6 0 0 1 0 0 0 0 1 0 0 1 1 0 0
2016  9 26 21 25 49 302656  -11.168130  -76.860880    4820   3.1  0  2  4  6 0 0 1 1 0 0 0 1 1 0 0 0 0 0
2016  9 26 21 27 15  22260  -10.138150  -76.751970    4824  16.0  0 -1  5  9 0 0 1 0 1 0 0 1 1 0 1 0 0 0
2016  9 26 21 29 37 566858  -11.902710  -75.456370    4475   2.7  0 -2  4  6 0 0 1 0 0 0 0 1 1 0 0 0 0 1
2016  9 26 21 32 53 887285  -11.617840  -75.768860    3750  17.7  0  0  6 15 0 0 0 0 1 0 0 1 1 0 1 1 0 1
2016  9 26 21 34 16  25999  -11.671100  -75.872140    4712   9.4  0  3  4  6 0 0 1 0 0 0 0 1 0 0 1 0 0 1
2016  9 26 21 45 39   5187  -10.436570  -76.540480    2469   5.5  0  0  7 21 0 0 1 1 1 0 1 0 0 0 1 1 0 1
2016  9 26 21 46 13 763621  -11.796980  -75.647730    3452  16.0  0  0  6 15 0 0 1 0 1 0 1 0 1 0 1 0 0 1
2016  9 26 21 46 32 202672  -11.784190  -75.667560    3687  18.8  0  2  5 10 0 0 1 0 0 0 1 0 1 0 1 1 0 0
2016  9 26 21 49 39 846200  -11.612990  -75.997860    4516  10.4  0 -1  4  6 0 0 1 1 0 0 1 0 0 0 0 0 0 1
2016  9 26 21 49 58    729  -11.672820  -75.754070    3302   1.3  0  2  4  6 0 0 1 0 0 0 0 0 0 0 1 1 0 1
2016  9 26 21 51 35 845982  -11.641410  -75.850000    3074  11.4  0 -1  5 10 0 0 1 0 0 0 0 1 0 0 1 1 0 1
2016  9 26 21 53 23 663282  -11.661900  -75.797400    4177   2.2  0 -2  4  6 0 0 1 0 0 0 1 1 0 0 0 0 0 1
2016  9 26 21 59  2 229416  -10.619740  -76.113510    3585  19.1  0 -1  5 10 0 0 1 0 0 0 1 1 0 0 1 1 0 0
2016  9 26 21  7 26 672246  -10.285040  -76.628750    2894  13.8  0 -1  6 15 0 0 1 1 0 0 0 0 1 0 1 1 0 1
2016  9 26 21  7 26 682713  -10.284500  -76.623730    2693  14.6  0 -1  7 21 0 0 1 1 0 0 0 1 1 0 1 1 0 1
2016  9 26 21  8 55 585357  -11.616920  -76.011250    5616  13.8  0  1  4  6 0 0 1 1 0 0 0 1 0 0 1 0 0 0
2016  9 26 22 11 42 454585  -10.236410  -76.354640    4818   1.7  0  0  4  6 0 0 1 0 0 0 1 1 0 0 1 0 0 0
2016  9 26 22 14 59 648212  -10.599170  -76.192630    3406   5.8  0 -1  5 10 0 0 1 0 1 0 1 1 0 0 0 0 0 1
2016  9 26 22 15 50 593308  -10.197320  -76.475120    3725  17.4  0  1  6 15 0 0 1 1 0 0 1 1 0 0 1 0 0 1
2016  9 26 22 17 51 984770  -10.531530  -76.358590    2722  16.3  0  0  7 21 0 0 1 1 0 0 1 1 0 0 1 1 0 1
2016  9 26 22 21 37 389662  -10.272290  -76.304340    2885   4.3  0 -1  5 10 0 0 1 0 1 0 0 0 0 0 1 1 0 1
2016  9 26 22 21 37 417066  -10.270960  -76.317280    3593  10.0  0 -1  5 10 0 0 0 0 0 0 1 1 0 0 1 1 0 1
2016  9 26 22 24 13 983494  -10.813870  -75.721250    3344  15.3  0 -2  5 10 0 0 1 0 0 0 1 0 1 0 0 1 0 1
2016  9 26 22 28  0 688551  -10.288420  -76.282210    4830   2.5  0  1  4  6 0 0 1 0 0 0 1 1 0 0 1 0 0 0
2016  9 26 22 31 42 768344  -11.818890  -75.391120    2584   3.1  0 -1  6 15 0 0 1 0 0 0 1 1 0 0 1 1 0 1
2016  9 26 22 34 55 232393  -11.716040  -75.559050    3295   0.7  0 -2  5 10 0 0 1 0 0 0 1 1 0 0 1 0 0 1
2016  9 26 22 34 55   5756  -11.851680  -75.385110    2668   4.6  0  0  7 21 0 0 1 1 1 0 1 1 0 0 1 0 0 1
2016  9 26 22 35 46 292479  -11.804640  -75.408150    3422  17.8  0 -1  5  9 0 0 1 1 0 0 0 1 0 0 0 1 0 1
2016  9 26 22 38  4  21276  -10.472150  -75.953390    5010  12.8  0  2  4  6 0 0 1 0 0 0 1 1 0 0 0 0 0 1
2016  9 26 22 41 39 255384  -11.764010  -75.412590    4112   1.9  0  1  4  6 0 0 1 0 0 0 1 1 0 0 0 0 0 1
2016  9 26 22 45 33 533017  -11.810520  -75.297900    3024  14.8  0 -3  6 14 0 0 1 0 1 0 1 1 0 0 1 1 0 0
2016  9 26 22 48 49 274921  -11.761470  -75.336980    3505   9.4  0  0  5 10 0 0 0 0 1 0 1 1 0 0 1 1 0 0
2016  9 26 22 48 49 302949  -11.758820  -75.389970    8186   9.2  0  0  4  6 0 0 0 0 0 0 1 1 0 0 1 0 0 1
2016  9 26 22 51  2 910196  -11.854330  -75.180370    2843   4.7  0  1  5 10 0 0 1 0 0 0 1 1 0 0 0 1 0 1
2016  9 26 22 51  2 932903  -11.819370  -75.302510    4477  16.8  0  2  4  6 0 0 1 0 0 0 1 0 0 0 1 1 0 0
2016  9 26 22 58 12 163553  -10.247200  -76.425390    3018   7.5  0 -1  5 10 0 0 1 0 0 0 1 0 0 0 1 1 0 1
2016  9 26 22 58 12 172508  -10.244030  -76.404360    3624   5.0  0  1  4  6 0 0 1 0 0 0 1 0 0 0 1 1 0 0
2016  9 26 22  7 43 205947  -10.280410  -76.282520    4796   1.3  0  1  4  6 0 0 1 0 0 0 1 1 0 0 1 0 0 0
2016  9 26 22  8  3 663229  -10.457260  -76.444530    3456   2.8  0 -1  5 10 0 0 1 0 0 0 1 1 0 0 1 0 0 1
2016  9 26 22  8  3 672841  -10.502710  -76.373910    3022   7.8  0 -1  5 10 0 0 1 0 0 0 1 0 0 0 1 1 0 1
2016  9 26 22  8  3 683231  -10.459470  -76.436810    3460   3.1  0 -1  5 10 0 0 1 0 0 0 1 1 0 0 1 0 0 1
2016  9 26 22  8  4 227193  -10.462710  -76.429950    4260   0.8  0 -1  4  6 0 0 1 0 0 0 0 1 0 0 1 0 0 1
2016  9 26 23 21 48 873053  -10.520360  -76.004680    3604   6.3  0 -1  4  6 0 0 1 0 1 0 0 0 1 0 0 1 0 0
2016  9 26 23 29 20 569006  -11.786700  -75.403180    3341  14.1  0 -3  6 15 0 0 1 1 1 0 0 0 1 0 1 0 0 1
2016  9 26 23 36 39 155899  -10.428140  -76.200580    3780   7.7  0 -3  4  6 0 0 1 0 0 0 1 0 0 0 1 1 0 0
2016  9 26 23 43 30 219767  -10.216210  -75.040600    3186  19.1  0  2  7 21 0 0 0 0 1 0 1 1 1 0 1 1 0 1
2016  9 26 23  2 27  48419  -11.700860  -75.517520    7610  13.4  0 -1  4  6 0 0 0 1 0 0 1 0 0 0 1 0 0 1
2016  9 26  9 44 11 515949  -10.126350  -75.726040    6060  18.1  0  0  4  6 0 0 1 1 0 0 0 1 1 0 0 0 0 0
2016  9 27 10 20 20 761942  -10.463170  -75.009880    3020  11.9  0  3  7 21 0 0 1 1 0 0 1 1 1 0 1 0 0 1
2016  9 27 10 25 44 967943  -10.301960  -75.386490    5517  12.3  0  3  4  6 0 0 1 0 0 0 1 1 0 0 1 0 0 0
2016  9 27 10 32 31 447139  -10.565090  -75.150470    5374  14.9  0  1  6 13 0 0 0 1 0 0 1 1 1 0 1 0 0 1
2016  9 27 10 32 31 566525  -10.530120  -75.073800    3905  14.8  0  1  6 12 0 0 1 1 0 0 1 1 1 0 1 0 0 0
2016  9 27 10 32 54 286299  -10.396450  -75.623480    8572  14.8  0  1  4  6 0 0 0 1 0 0 1 1 0 0 1 0 0 0
2016  9 27 10 33 59 149641  -10.489960  -75.150410    4593  16.9  0  0  5 10 0 0 1 1 0 0 1 1 0 0 1 0 0 0
2016  9 27 10 33 59 260639  -10.483630  -75.114800    4576  16.9  0  3  5 10 0 0 1 1 0 0 1 1 0 0 1 0 0 0
2016  9 27 10 34 23 169484  -10.441770  -75.223500    7009   7.3  0  2  4  6 0 0 0 1 0 0 1 1 0 0 1 0 0 0
2016  9 27 10 34 32 750494  -10.146260  -76.138230    8551  13.4  0  1  4  6 0 0 0 1 0 0 1 1 0 0 1 0 0 0
2016  9 27 10 43 10 589253  -10.547610  -75.258050    7417   9.9  0  1  4  6 0 0 0 1 0 0 1 1 0 0 1 0 0 0
2016  9 27 10 45 35 513200  -10.536320  -75.105900    6597   3.7  0  3  4  6 0 0 0 1 0 0 1 1 0 0 1 0 0 0
2016  9 27 10 46 54 794609  -10.480890  -75.389580    6632   2.6  0  0  4  6 0 0 0 1 0 0 1 1 0 0 1 0 0 0
2016  9 27 10 47 58 206598  -10.517970  -75.005580    3504  11.8  0  0  5 10 0 0 0 1 0 0 1 1 0 0 1 1 0 0
2016  9 27 10 49 59 879390  -10.520150  -75.216030    4655   0.3  0  0  4  6 0 0 1 0 0 0 1 1 0 0 1 0 0 0
2016  9 27 10 50 47 294526  -10.591900  -75.041790    4798   5.4  0  3  4  6 0 0 1 0 0 0 1 1 0 0 1 0 0 0
2016  9 27 10 51 32 180575  -10.312390  -75.573490    7112   6.7  0  3  4  6 0 0 0 1 0 0 1 1 0 0 1 0 0 0
2016  9 27 10 52 36 514340  -10.390200  -75.397920    6626   2.0  0  0  4  6 0 0 0 1 0 0 1 1 0 0 1 0 0 0
2016  9 27 10 53 53 657275  -10.478390  -75.428500    8484  14.9  0  1  4  6 0 0 0 1 0 0 1 1 0 0 1 0 0 0
2016  9 27 10 54 21 177478  -10.322310  -76.108960    9573  17.9  0  1  4  6 0 0 0 1 0 0 1 1 0 0 1 0 0 0
2016  9 27 10 58 14 516860  -10.259180  -76.045910    9581  18.2  0  1  4  6 0 0 0 1 0 0 1 1 0 0 1 0 0 0
2016  9 27 10 58 46 291445  -10.444830  -75.398390    8428  14.7  0  1  4  6 0 0 0 1 0 0 1 1 0 0 1 0 0 0
2016  9 27 10 59 14 298192  -10.456700  -75.214440    5048   9.3  0  1  4  6 0 0 1 1 0 0 1 1 0 0 0 0 0 0
2016  9 27 10  2 40 250518  -10.439590  -75.005240    4753   4.2  0  0  4  6 0 0 1 0 0 0 1 1 0 0 1 0 0 0
2016  9 27 11 11 15 604462  -10.238900  -75.449180    6638   0.3  0  0  4  6 0 0 0 1 0 0 1 1 0 0 1 0 0 0
2016  9 27 11 13 42 399167  -10.377790  -75.043100    7584  11.2  0  2  4  6 0 0 0 1 0 0 1 1 0 0 1 0 0 0
2016  9 27 11 13 42 647628  -10.365120  -75.075250    7529  10.7  0  2  4  6 0 0 0 1 0 0 1 1 0 0 1 0 0 0
2016  9 27 11 13  9 528217  -10.197830  -75.523220    7925  12.1  0 -3  4  6 0 0 0 1 0 0 1 1 0 0 1 0 0 0
2016  9 27 11 14 52 839086  -10.365550  -75.070710    7038   7.6  0 -2  4  6 0 0 0 1 0 0 1 1 0 0 1 0 0 0
2016  9 27 11 17 10 305102  -10.662180  -75.104280    3654  13.5  0  0  6 14 0 0 1 1 0 0 1 1 1 0 1 0 0 0
2016  9 27 11 22 32 872895  -10.499830  -75.099800    4723   3.6  0 -2  4  6 0 0 1 0 0 0 1 1 0 0 1 0 0 0
2016  9 27 11 22 32 888669  -10.278020  -76.191400    7446  19.2  0  2  5  9 0 0 0 1 0 0 1 1 1 0 1 0 0 0
2016  9 27 11 22 58 800424  -10.340750  -75.498650    6121   5.1  0  1  5  7 0 0 0 1 0 0 1 1 1 0 1 0 0 0
2016  9 27 11 26 27 508015  -10.413320  -75.028630    4584   1.6  0  0  4  6 0 0 1 1 0 0 1 1 0 0 0 0 0 0
2016  9 27 11 27  4  13446  -10.792380  -75.527240    5298  11.8  0  2  4  6 0 0 1 1 0 0 1 1 0 0 0 0 0 0
2016  9 27 11 28 15 139202  -10.500430  -75.112140    7974  13.1  0  0  4  6 0 0 0 1 0 0 1 1 0 0 1 0 0 0
2016  9 27 11 32 44 113842  -10.097460  -76.260770    9370  16.6  0  0  4  6 0 0 0 1 0 0 1 1 0 0 1 0 0 0
2016  9 27 11 33 55 269245  -10.349370  -75.582050    7184   7.3  0  3  4  6 0 0 0 1 0 0 1 1 0 0 1 0 0 0
2016  9 27 11 33 55 279539  -10.333280  -75.565820    6065   7.3  0  0  5  7 0 0 0 1 0 0 1 1 1 0 1 0 0 0
2016  9 27 11 33 55 346757  -10.338230  -75.570230    7264   7.9  0  1  4  6 0 0 0 1 0 0 1 1 0 0 1 0 0 0
2016  9 27 11 33 58 332143  -10.450350  -76.146500    8333  12.7  0  1  4  6 0 0 0 1 0 0 1 1 0 0 1 0 0 0
2016  9 27 11 35 35 549176  -10.420050  -75.161330    8178  14.0  0  3  4  6 0 0 0 1 0 0 1 1 0 0 1 0 0 0
2016  9 27 11 35  0 138893  -10.385320  -75.039630    4041  11.5  0  1  5 10 0 0 1 1 0 0 1 1 0 0 1 0 0 0
2016  9 27 11 37 53 529355  -10.494620  -75.109990    7176   8.7  0  2  4  6 0 0 0 1 0 0 1 1 0 0 1 0 0 0
2016  9 27 11 39 17 241506  -10.440700  -75.164690    6662   4.1  0  0  4  6 0 0 0 1 0 0 1 1 0 0 1 0 0 0
2016  9 27 11 39 25 227238  -10.253570  -75.955850    7838  10.4  0  2  4  6 0 0 0 1 0 0 1 1 0 0 1 0 0 0
2016  9 27 11 41 29 821785  -10.080380  -75.636630    5793  14.8  0  1  4  6 0 0 1 1 0 0 1 1 0 0 0 0 0 0
2016  9 27 11 41 43 810471  -10.440240  -75.353870    8826  16.6  0  0  4  6 0 0 0 1 0 0 1 1 0 0 1 0 0 0
2016  9 27 11 42 54 896030  -10.735810  -75.097210    6931   7.5  0  2  4  6 0 0 0 1 0 0 1 1 0 0 1 0 0 0
2016  9 27 11 42 54 930643  -10.754090  -75.044010    5130   8.4  0  2  5 10 0 0 0 1 0 0 1 1 0 0 1 0 0 1
2016  9 27 11 43 51 779076  -10.392700  -75.880680    8458  13.8  0  0  4  6 0 0 0 1 0 0 1 1 0 0 1 0 0 0
2016  9 27 11 47 53 280768  -10.409710  -75.386770    8353  14.9  0 -1  4  6 0 0 0 1 0 0 0 1 1 0 1 0 0 0
2016  9 27 11 47 53 432518  -10.445470  -75.386860    9163  18.0  0  1  4  6 0 0 0 1 0 0 1 1 0 0 1 0 0 0
2016  9 27 11 48 25 859764  -10.384320  -76.288780    9626  19.6  0  0  4  6 0 0 0 1 0 0 0 1 1 0 1 0 0 0
2016  9 27 11 50 23  93238  -10.594320  -75.287180    6568   6.7  0 -3  4  6 0 0 0 1 0 0 1 0 0 0 1 0 0 1
2016  9 27 11 52 28 649613  -10.148790  -76.514160    9349  16.1  0 -2  4  6 0 0 0 1 0 0 1 1 0 0 1 0 0 0
2016  9 27 11 55  0  75332  -10.004520  -75.707510    3927   3.6  0  0  5  9 0 0 1 1 0 0 1 1 1 0 0 0 0 0
2016  9 27 11 59 22 661294  -10.373460  -76.301060   10072  19.7  0  3  4  6 0 0 0 1 0 0 1 1 0 0 1 0 0 0
2016  9 27 11 59 22 672683  -10.332600  -76.422810    7308  18.3  0  0  5  9 0 0 0 1 0 0 1 1 1 0 1 0 0 0
2016  9 27 11  0 47 404168  -10.574420  -75.310740    6642   3.5  0  3  4  6 0 0 0 1 0 0 1 1 0 0 1 0 0 0
2016  9 27 11  3 33 416692  -10.609690  -75.050000    3286   4.5  0  3  4  6 0 0 1 1 0 0 0 0 0 0 1 1 0 0
2016  9 27 11  5  0 613198  -10.127980  -75.680700    6476  19.7  0  3  4  6 0 0 1 1 0 0 1 1 0 0 0 0 0 0
2016  9 27 12 12 35  79836  -10.603400  -75.067760    6643   4.6  0  2  4  6 0 0 0 1 0 0 1 1 0 0 1 0 0 0
2016  9 27 12 12  1 177119  -10.189470  -76.362670    8176  11.2  0  1  4  6 0 0 0 1 0 0 1 1 0 0 1 0 0 0
2016  9 27 12 16 35 716811  -10.063910  -75.525280    7083   8.5  0  3  4  6 0 0 0 1 0 0 1 0 1 0 1 0 0 0
2016  9 27 12 24 47 298589  -10.152410  -75.302090    7085   6.2  0  0  4  6 0 0 1 1 0 0 0 0 0 0 1 0 0 1
2016  9 27 12 25 57 735640  -10.107570  -75.386050    4357  18.6  0  0  5 10 0 0 1 1 0 0 1 0 0 0 1 0 0 1
2016  9 27 12 28 15 642308  -10.955670  -75.534970    7702  12.7  0  2  4  6 0 0 0 1 0 0 1 0 0 0 1 0 0 1
2016  9 27 12 36 35 213279  -10.109760  -75.298630    4216   5.0  0  2  4  6 0 0 1 0 0 0 1 0 0 0 1 0 0 1
2016  9 27 12 42 35 282491  -10.266910  -75.978980    7103   7.7  0 -2  4  6 0 0 0 1 0 0 1 0 1 0 1 0 0 0
2016  9 27 12 43 20 829994  -10.732500  -75.717600    6621   1.8  0  0  4  6 0 0 0 1 0 0 1 0 1 0 1 0 0 0
2016  9 27 12 43 49 758217  -10.377960  -75.174770    3023  15.5  0  2  6 15 0 0 1 0 0 0 1 0 1 0 1 1 0 1
2016  9 27 12 48 19 612544  -10.103150  -75.488080    4628   9.9  0  1  4  6 0 0 1 0 0 0 1 0 0 0 1 0 0 1
2016  9 27 12 50  2 528930  -10.511370  -76.708630    7956  12.2  0  2  4  6 0 0 0 1 0 0 1 0 1 0 1 0 0 0
2016  9 27 12 54 25 345381  -10.951860  -75.166220    3565   4.6  0 -1  5  9 0 0 1 0 0 0 1 0 1 0 1 0 0 1
2016  9 27 12 54 27 768252  -10.376450  -75.031550    4620  17.6  0 -1  5  9 0 0 1 1 0 0 1 0 1 0 1 0 0 0
2016  9 27 12 54  8 395297  -10.181610  -75.272930    3094  10.9  0  3  5 10 0 0 1 0 0 0 1 0 0 0 1 1 0 1
2016  9 27 12 55 27 789698  -10.128220  -75.380470    4100   2.6  0  0  4  6 0 0 1 0 0 0 1 0 0 0 1 0 0 1
2016  9 27 12 56 15  96750  -10.949150  -75.146780    4348   8.6  0  3  4  6 0 0 1 1 0 0 1 0 0 0 0 0 0 1
2016  9 27 12  1 44 997605  -10.374890  -75.034230    3247  14.8  0  1  5 10 0 0 1 0 0 0 1 0 0 0 1 1 0 1
2016  9 27 12  3 31 363361  -10.057590  -75.350940    4422   5.6  0  3  4  6 0 0 1 1 0 0 1 0 0 0 1 0 0 0
2016  9 27 12  4 17 273576  -10.009470  -75.469460    5964  19.7  0  0  4  6 0 0 1 1 0 0 0 0 1 0 1 0 0 0
2016  9 27 13 10 40 434533  -11.003570  -75.079030    4055   4.4  0  1  4  6 0 0 1 0 0 0 1 0 0 0 1 0 0 1
2016  9 27 13 13 39 123113  -10.818790  -75.398410    6914   7.3  0  1  4  6 0 0 0 1 0 0 1 0 1 0 1 0 0 0
2016  9 27 13 17 12 877668  -10.746130  -75.595670    6818   5.2  0  3  4  6 0 0 0 1 0 0 1 0 1 0 1 0 0 0
2016  9 27 13 19 54 934882  -10.051170  -76.430270    9542  17.0  0  2  4  6 0 0 0 1 0 0 1 1 0 0 1 0 0 0
2016  9 27 13 24  7 224492  -10.915580  -75.309160    4693   4.0  0  0  4  6 0 0 1 0 0 0 1 1 0 0 1 0 0 0
2016  9 27 13 30 23 905185  -10.955480  -75.245250    6163  18.4  0  0  4  6 0 0 1 0 0 0 1 1 0 0 1 0 0 0
2016  9 27 13 30  5 937115  -10.787900  -75.227910    4629   1.5  0  2  4  6 0 0 1 0 0 0 1 1 0 0 1 0 0 0
2016  9 27 13 32 31 820736  -11.163730  -75.110790   11577  15.2  0  0  5 10 0 0 0 1 0 0 1 1 1 0 0 0 0 1
2016  9 27 13 32 46 130796  -10.084380  -75.542550    3883   5.1  0  1  4  6 0 0 0 0 0 0 1 1 0 0 1 1 0 0
2016  9 27 13 35 49 730898  -10.854260  -76.053780    6550  16.6  0  2  5 10 0 0 0 1 0 0 1 1 1 0 1 0 0 0
2016  9 27 13 39 56 810442  -10.788300  -75.516520    5941  16.2  0  3  4  6 0 0 1 0 0 0 1 0 1 0 1 0 0 0
2016  9 27 13 39  4 216629  -10.846230  -75.513540    4036   9.1  0  1  5 10 0 0 1 1 0 0 1 1 1 0 0 0 0 0
2016  9 27 13 45 51 238824  -10.166950  -75.502580    5455   7.3  0  1  5 10 0 0 0 1 0 0 1 1 1 0 1 0 0 0
2016  9 27 13 46 46 536645  -11.017270  -75.098130    2723  10.4  0  1  6 15 0 0 1 0 0 0 1 1 0 0 1 1 0 1
2016  9 27 13 49 15 988875  -11.853830  -75.613000    6899   3.3  0  0  4  6 0 0 0 1 0 0 0 1 1 0 1 0 0 0
2016  9 27 13 49 44 269523  -10.591900  -75.819730    4966   7.4  0 -1  4  6 0 0 1 1 0 0 1 1 0 0 0 0 0 0
2016  9 27 13 52  1 404975  -10.838000  -75.141770    4980   8.3  0  2  4  6 0 0 1 0 0 0 1 1 0 0 1 0 0 0
2016  9 27 13  2 33 517098  -10.675950  -76.183470    7726  11.9  0  1  4  6 0 0 0 1 0 0 1 0 1 0 1 0 0 0
2016  9 27 13  2 41 778299  -10.201350  -75.275150    5341  16.2  0  1  4  6 0 0 1 0 0 0 1 0 0 0 1 0 0 1
2016  9 27 14 22 59 477868  -10.986950  -75.327130    7645  11.6  0  0  4  6 0 0 0 1 0 0 1 1 0 0 1 0 0 0
2016  9 27 14 24  3 702169  -10.851500  -75.422180    3804   8.7  0  1  5  9 0 0 1 0 0 0 1 0 1 0 1 0 0 1
2016  9 27 15 26 49  61574  -10.262240  -75.047130    8366  15.0  0  3  4  6 0 0 0 1 0 0 1 1 0 0 1 0 0 0
2016  9 27 15 39 13 502383  -10.446990  -75.228290    8255  14.3  0  1  4  6 0 0 0 1 0 0 1 1 0 0 1 0 0 0
2016  9 27 15  5 33 853547  -11.216240  -75.556780    7487  10.3  0  1  4  6 0 0 0 1 0 0 1 1 0 0 1 0 0 0
2016  9 27 16 17 47 698312  -10.278490  -75.789370    6645   1.2  0  0  4  6 0 0 0 1 0 0 0 1 1 0 1 0 0 0
2016  9 27 16 23 14 588058  -10.086940  -75.062130    6655   4.6  0  1  4  6 0 0 0 1 0 0 0 1 1 0 1 0 0 0
2016  9 27 17 27 15  60046  -11.864990  -75.473340    2806  12.7  0 -1  6 15 0 0 1 1 0 0 0 0 1 0 1 1 0 1
2016  9 27 17 59 24 431634  -10.237520  -75.263600    5793  16.2  0 -1  4  6 0 0 1 1 0 0 0 1 1 0 0 0 0 0
2016  9 27 19 17 40 458171  -11.673700  -76.143020    6840   4.7  0 -1  4  6 0 0 1 1 0 0 0 0 0 0 1 0 0 1
2016  9 27 19 38  8 776134  -11.855760  -75.788180    3111  18.9  0 -1  6 15 0 0 1 0 1 0 0 0 1 0 1 1 0 1
2016  9 27 19 50 53 640895  -11.997590  -75.682650    5450  15.5  0 -3  4  6 0 0 1 0 0 0 0 1 0 0 1 0 0 1
2016  9 27 19 57 51 141952  -11.797420  -75.958380    2883  13.3  0  0  6 15 0 0 1 0 1 0 0 0 1 0 1 1 0 1
2016  9 27 19 57  2 706233  -11.662380  -76.286610    2812  10.9  0 -2  6 15 0 0 1 0 1 0 0 0 1 0 1 1 0 1
2016  9 27 19 57  2 728661  -11.675930  -76.378620    3957  15.4  0  1  4  6 0 0 1 1 0 0 0 0 0 0 1 1 0 0
2016  9 27 20 12 46 866047  -11.699000  -76.443830    4328   1.6  0 -3  4  6 0 0 0 1 0 0 0 0 0 0 1 1 0 1
2016  9 27 20 12 46 883887  -11.561020  -76.543980    3749   9.0  0 -1  5 10 0 0 1 1 0 0 0 0 1 0 1 0 0 1
2016  9 27 20 21  4  18522  -11.539670  -76.973380    6904  15.7  0  0  5 10 0 0 0 1 1 0 0 0 1 0 1 0 0 1
2016  9 27 20 42 59 748655  -10.310630  -76.608860    2711   9.4  0 -2  6 15 0 0 1 1 1 0 0 0 0 0 1 1 0 1
2016  9 27 21  4 49 251586  -11.552940  -76.470400    4527   7.8  0  0  4  6 0 0 0 0 0 0 0 1 1 0 1 1 0 0
2016  9 27  6 40 33  58401  -10.084450  -75.235370    2813  19.9  0  0  7 21 0 0 1 1 1 0 0 0 1 0 1 1 0 1
2016  9 27  7 13  7  90023  -10.319470  -75.468830   20616   3.5  0  3  4  6 0 0 0 0 0 0 1 1 1 0 0 1 0 0
2016  9 27  7 14 22 167926  -10.096710  -75.234130    3231   9.3  0  3  5 10 0 0 1 0 0 0 1 0 1 0 1 1 0 0
2016  9 27  7 16 44 826526  -10.223830  -75.514510    3398   7.2  0 -1  4  6 0 0 1 1 0 0 0 0 0 0 1 1 0 0
2016  9 27  7 19 58 123016  -10.188290  -75.212220    4646   9.0  0  3  4  6 0 0 0 0 0 0 1 0 1 0 1 1 0 0
2016  9 27  7 21 59  67585  -10.028590  -75.506130    5099   2.1  0  2  4  6 0 0 1 0 0 0 1 0 1 0 1 0 0 0
2016  9 27  7 29 36 315989  -10.305790  -75.156370    3012  11.4  0  0  5 10 0 0 1 1 0 0 1 0 0 0 0 1 0 1
2016  9 27  7 35 36 169868  -10.194290  -75.154350    3939  17.8  0  2  5  9 0 0 1 0 0 0 1 0 1 0 1 1 0 0
2016  9 27  7 36 52 478603  -10.165960  -75.267220    3098  12.6  0  1  5 10 0 0 1 1 0 0 0 0 1 0 0 1 0 1
2016  9 27  7 41 20 670792  -10.264260  -75.207190    3430  18.0  0  1  5 10 0 0 1 1 0 0 1 0 0 0 1 1 0 0
2016  9 27  7 50 57 210870  -10.302010  -75.040180    3841   4.9  0  1  4  6 0 0 0 0 0 0 1 1 0 0 1 1 0 0
2016  9 27  7 59 44  86646  -10.238530  -75.217320    3738   7.7  0  3  4  6 0 0 1 0 0 0 1 0 0 0 1 1 0 0
2016  9 27  7  4 46 113281  -10.000770  -75.281880    2590   4.4  0 -3  6 15 0 0 1 1 1 0 1 0 0 0 1 1 0 0
2016  9 27  8 16 34 360129  -10.162890  -75.096940    5460  17.5  0  3  4  6 0 0 1 0 0 0 1 0 0 0 1 0 0 1
2016  9 27  8 20 14 493815  -10.167370  -75.251080    4901  12.6  0 -3  6 15 0 0 0 1 1 0 1 0 1 0 1 0 0 1
2016  9 27  8 22 11 350636  -10.164300  -75.170450    3014   5.8  0  3  5  9 0 0 1 0 0 0 1 1 0 0 1 1 0 0
2016  9 27  8 30 43 112408  -10.292500  -75.197530    3406   9.8  0  3  6 12 0 0 0 0 0 0 1 1 1 0 1 1 0 1
2016  9 27  8 30 43 119356  -10.226790  -75.260790    3568   2.8  0  2  5  9 0 0 1 0 0 0 1 1 0 0 1 0 0 1
2016  9 27  8  7 42 849599  -10.237820  -75.214040    4591  15.4  0  0  4  6 0 0 1 0 0 0 0 0 1 0 1 1 0 0
2016  9 27  9 39  0 268624  -10.276480  -75.226260    4497  14.9  0  1  5  9 0 0 1 1 0 0 1 1 1 0 0 0 0 0
2016  9 27  9 40 23 312505  -10.343050  -75.204540    4858  10.2  0  1  5  8 0 0 1 0 0 0 1 1 1 0 1 0 0 0
2016  9 27  9 44  4 967749  -10.370880  -75.116540    5679  13.8  0  2  4  6 0 0 1 0 0 0 1 1 0 0 1 0 0 0
2016  9 28 14 48  7 101283  -10.101510  -75.153370    4077  17.6  0 -3  4  6 0 0 1 1 0 0 0 0 0 0 1 1 0 0
2016  9 28 18 40 14 481330  -11.744670  -75.946820    3281  10.7  0 -2  6 15 0 0 1 1 1 0 0 1 0 0 1 0 0 1
2016  9 28 19 26 27 105552  -10.523720  -76.547230    3259  11.1  0 -3  5  9 0 0 1 1 0 0 0 0 1 0 1 1 0 0
2016  9 28 19 41 51  67738  -10.282460  -76.708980    3796   9.5  0 -3  4  6 0 0 1 0 0 0 0 0 1 0 0 1 0 1
2016  9 28 20 37 35 770269  -10.572440  -75.097860    4950   4.0  0  0  5 10 0 0 0 1 0 0 0 1 1 0 1 0 0 1
2016  9 28 20 59 48 153167  -10.297050  -76.929760    2766  17.6  0 -1  7 21 0 0 1 0 1 0 0 1 1 0 1 1 0 1
2016  9 28 21 27 11 405015  -10.033160  -75.626100    4682   2.6  0 -1  4  6 0 0 1 1 0 0 0 1 1 0 0 0 0 0
2016  9 28 21 32 14 873320  -11.153030  -75.297010    2891   6.6  0 -1  5 10 0 0 1 0 1 0 0 0 0 0 1 1 0 1
2016  9 28 21 51 58 525432  -11.155550  -75.121570    6590   3.8  0 -2  4  6 0 0 1 1 0 0 0 0 0 0 1 0 0 1
2016  9 28 21 51 58 579054  -11.068040  -75.190610    4348   5.7  0 -1  4  6 0 0 1 0 0 0 0 1 0 0 1 0 0 1
2016  9 29 18 22  3 102342  -11.480890  -75.608460    4147  13.8  0 -3  4  6 0 0 1 0 0 0 0 1 1 0 0 1 0 0
2016  9 29 19 20 26 102828  -10.672810  -75.491870    4256  16.6  0  1  4  6 0 0 1 0 1 0 0 0 1 0 0 1 0 0
2016  9 29 19 24 16 773017  -10.577680  -75.688230    3002   4.3  0 -1  5 10 0 0 1 0 1 0 0 0 1 0 1 1 0 0
2016  9 29 21 52  9 574100  -11.548330  -76.248270    2696   6.3  0 -1  6 15 0 0 1 0 1 0 0 1 1 0 1 1 0 0
2016  9 29 22 12  3 758160  -11.761490  -75.484600    2754  11.3  0 -2  6 15 0 0 1 0 1 0 0 1 0 0 1 1 0 1
2016  9 29 22 15 45 549927  -11.902070  -75.462470    2967   8.7  0  0  5 10 0 0 1 0 1 0 0 1 0 0 1 1 0 0
2016  9 29 22 16  4 880329  -11.574720  -76.149740    3443  15.1  0  0  6 15 0 0 1 0 1 0 0 1 1 0 1 0 0 1
2016  9 29 22 19 21 624488  -11.976760  -75.223920    3899  13.7  0  2  4  6 0 0 1 0 0 0 0 0 0 0 1 1 0 1
2016  9 29 22 22  0 942142  -10.465920  -76.342670    5365  13.2  0  1  4  6 0 0 1 0 0 0 0 1 0 0 1 0 0 1
2016  9 29 22 28 40 486022  -11.886860  -75.499790    2973  17.0  0 -2  6 15 0 0 1 0 1 0 0 1 1 0 1 1 0 0
2016  9 29 22 31 49 508394  -11.933210  -75.382250    3297   0.5  0  2  5 10 0 0 1 0 1 0 0 1 0 0 1 0 0 1
2016  9 29 22 35 33 812022  -11.918510  -75.485900    3770  11.2  0  0  4  6 0 0 1 0 0 0 0 1 0 0 1 1 0 0
2016  9 29 22 38 43 580266  -11.866210  -75.482640    4169   3.3  0  2  4  6 0 0 1 0 0 0 0 1 0 0 1 0 0 1
2016  9 29 22 39 50 676749  -11.973540  -75.312320    3172  13.7  0 -2  5 10 0 0 1 0 0 0 0 1 0 0 1 1 0 1
2016  9 29 22 40 37 545097  -11.948360  -75.362110    3999  15.6  0  0  5 10 0 0 1 0 1 0 0 1 1 0 0 0 0 1
2016  9 29 22  4 35 993246  -11.791840  -75.473280    2907   7.1  0  1  5 10 0 0 1 0 1 0 0 0 0 0 1 1 0 1
2016  9 29 22  6 44 869051  -11.993380  -75.311520    4107   2.2  0  3  4  6 0 0 1 0 0 0 0 1 0 0 1 0 0 1
2016  9 29 23  6 27 177320  -11.796570  -75.643270    3292  13.3  0 -1  5 10 0 0 1 0 1 0 0 0 1 0 1 1 0 0
2016  9 30 17  1 37 150592  -11.857880  -75.261840    4128  16.4  0 -3  4  6 0 0 1 0 0 0 0 0 0 0 1 1 0 1
2016  9 30 18 38 13 259068  -10.744310  -76.981740    4674  17.4  0  1  5 10 0 0 0 0 1 0 0 0 1 0 1 1 0 1
2016  9 30 19 28  9   9980  -11.357180  -76.497860    5800  19.0  0  0  4  6 0 0 1 0 0 0 0 0 1 0 1 0 0 1
2016  9 30 19 51  9 409811  -10.647070  -75.095640    3427   3.1  0  0  4  6 0 0 1 0 0 0 0 0 1 0 0 1 0 1
2016  9 30 19 52 48 350640  -10.643900  -75.637870    2852   3.8  0 -3  5 10 0 0 1 0 1 0 0 0 0 0 1 1 0 1
2016  9 30 19 53 56 512807  -10.592880  -75.744090    3093  10.6  0 -3  5 10 0 0 1 0 1 0 0 0 0 0 1 1 0 1
2016  9 30 19 58 25 762581  -11.463790  -75.964580    3045   6.9  0 -2  5 10 0 0 1 0 0 0 0 0 1 0 1 1 0 1
2016  9 30 19  4 48 171421  -10.661980  -75.198140    3985  13.9  0  0  4  6 0 0 1 0 0 0 0 0 1 0 0 1 0 1
2016  9 30 19  9 34  18454  -11.139030  -75.254840    2987   4.8  0 -2  5  9 0 0 1 0 1 0 0 0 1 0 0 1 0 1
2016  9 30 20 12 50 373545  -11.518930  -75.981910    3789  11.5  0 -2  4  6 0 0 1 0 0 0 0 0 0 0 1 1 0 1
2016  9 30 20  1  3 899279  -11.449740  -76.003020    3027  17.5  0 -1  6 15 0 0 1 0 1 0 0 0 1 0 1 1 0 1
2016  9 30 20  1  3 909080  -11.471690  -76.005230    3514   7.2  0 -2  4  6 0 0 1 0 0 0 0 0 0 0 1 1 0 1
2016  9 30 20  2 55 578004  -11.373650  -76.182690    3598   7.7  0  0  5 10 0 0 1 0 1 0 0 0 1 0 1 0 0 1
2016  9 30 20  2 55 596927  -11.440970  -76.054290    4094  14.3  0 -1  4  6 0 0 1 0 1 0 0 0 1 0 0 1 0 0
2016  9 30 20  2 56 136794  -11.463350  -76.113340    3461   6.0  0 -3  4  6 0 0 1 0 0 0 0 0 0 0 1 1 0 1
2016  9 30 20  9 59 197167  -10.508800  -75.678550    3323   0.6  0 -3  4  6 0 0 1 0 0 0 0 0 0 0 1 1 0 1
2016  9 30 21 10 42 168966  -11.799550  -75.871470    3845  12.0  0  0  4  6 0 0 1 0 0 0 0 1 0 0 1 1 0 0
2016  9 30 21 36 32 964118  -11.738620  -75.821120    3513   7.1  0 -2  4  6 0 0 1 0 0 0 0 1 0 0 1 1 0 0
2016  9 30 21  8 36 146224  -10.592870  -75.985810    3343   1.9  0 -1  4  6 0 0 1 0 0 0 0 0 0 0 1 1 0 1
2016  9 30 23  3  5 895978  -11.255320  -75.773520    5029  12.6  0 -1  4  6 0 0 1 0 0 0 0 0 1 0 1 0 0 1
2016  9 30 23  3  5 997878  -11.137750  -75.888610    3549   7.7  0 -1  4  6 0 0 1 0 0 0 0 0 0 0 1 1 0 1
2016  9 30  0 28  2 774920  -11.348000  -75.097620    3841   5.6  0  0  4  6 0 0 1 0 0 0 0 0 1 0 1 1 0 0
