2017  5  1 19 29  7 552711  -11.590880  -76.609120    6166  18.0  0 -2  4  6 0 0 1 0 0 0 1 1 0 0 1 0 0 0
2017  5  1 19  0 37 691832  -11.884860  -76.357220    6233  19.0  0  0  4  6 0 0 1 0 0 0 1 1 0 0 1 0 0 0
2017  5  1 19  6 56 974499  -11.125890  -75.331150    4460  19.3  0  0  5 10 0 0 1 0 1 0 1 1 0 0 1 0 0 0
2017  5  1 20 45  4 563475  -11.483200  -76.374420    5660  14.5  0 -1  4  6 0 0 1 0 0 0 1 1 0 0 1 0 0 0
2017  5  1 21 11 50 528884  -11.866720  -75.750050    3985   5.7  0 -2  4  6 0 0 1 0 0 0 1 0 1 0 0 1 0 0
2017  5  1 21  5 22 771112  -11.535520  -76.705240    5224  10.0  0 -2  4  6 0 0 1 1 0 0 1 1 0 0 0 0 0 0
2017  5  1  7 30 10 226853  -10.517060  -76.757990   27396   0.7  0  2  4  6 0 0 0 1 0 0 1 1 1 0 0 0 0 0
2017  5  1  8 25 18 447500  -11.061450  -76.848370   29233   5.7  0  0  4  6 0 0 0 1 0 0 1 1 1 0 0 0 0 0
2017  5  1  9 17 12 503211  -10.891260  -75.901820   27082   2.9  0  1  4  6 0 0 0 1 0 0 1 1 1 0 0 0 0 0
2017  5  2 10 39 56 110466  -10.785150  -75.243680   13522   3.2  0  0  4  6 0 0 0 0 0 0 1 1 1 0 1 0 0 0
2017  5  2 11 33 10 820429  -10.989960  -76.992260   30860   8.4  0  2  4  6 0 0 0 1 0 0 1 1 1 0 0 0 0 0
2017  5  2 12 39 38 361038  -10.422660  -76.760540   14526   4.4  0  0  4  6 0 0 0 0 0 0 1 1 1 0 1 0 0 0
2017  5  2 12 46 58 715879  -10.348730  -76.562530   16500  11.9  0  0  4  6 0 0 0 0 0 0 1 1 1 0 1 0 0 0
2017  5  2 19 50 14 103534  -11.664640  -76.621060    7500   8.8  0  3  4  6 0 0 0 1 0 0 1 1 0 0 1 0 0 0
2017  5  2 20 10 56 639832  -10.729320  -76.066810    6065  16.9  0  0  4  6 0 0 1 0 0 0 1 1 0 0 1 0 0 0
2017  5  2 20 10 56 850436  -11.340530  -76.062640    4588   0.5  0 -2  4  6 0 0 1 1 0 0 1 1 0 0 0 0 0 0
2017  5  2 20 16 15 525561  -11.726870  -75.721760    7336   9.9  0 -1  4  6 0 0 0 1 0 0 1 1 0 0 1 0 0 0
2017  5  2 20 16  3 495176  -10.773010  -76.113400    5231  10.5  0 -1  4  6 0 0 1 1 0 0 0 1 0 0 1 0 0 0
2017  5  2 20 23 11  99911  -10.280750  -76.991260    6448  17.6  0  0  4  6 0 0 1 1 0 0 1 1 0 0 0 0 0 0
2017  5  2 20 30 44 947891  -10.570370  -76.374780    4728  19.1  0 -1  5 10 0 0 1 1 0 0 1 1 0 0 1 0 0 0
2017  5  2 20 32  6  42077  -10.655260  -76.197210    3593   4.4  0  0  4  6 0 0 1 0 0 0 1 0 0 0 1 1 0 0
2017  5  2 21 10 49 169580  -10.874840  -76.446010    4550  19.4  0  3  4  6 0 0 1 0 0 0 0 1 0 0 1 1 0 0
2017  5  2  2 21  7 665812  -10.454050  -75.286420   13576   2.9  0  1  4  6 0 0 0 0 0 0 1 1 1 0 1 0 0 0
2017  5  2  2 26 36 622695  -10.391420  -75.849420    7533   9.2  0 -1  4  6 0 0 0 1 0 0 1 1 0 0 1 0 0 0
2017  5  2  4  6 54 383224  -10.819810  -75.012570    6784  12.1  0 -1  5 10 0 0 0 0 0 0 1 1 1 0 1 0 0 1
2017  5  3 10 19 15 893278  -10.493930  -75.181470    3911  17.1  0  0  6 12 0 0 1 1 0 0 1 1 1 0 1 0 0 0
2017  5  3 10  4 55 557068  -10.240400  -75.850740   27163   4.5  0  0  4  6 0 0 0 1 0 0 1 1 1 0 0 0 0 0
2017  5  3 11 48 11 186846  -10.062360  -75.911700    6378  18.5  0  2  4  6 0 0 1 1 0 0 1 1 0 0 0 0 0 0
2017  5  3 19 13 48 845650  -10.181110  -75.041210    5000   8.6  0  1  4  6 0 0 1 1 0 0 1 1 0 0 0 0 0 0
2017  5  3 19 51  7  44724  -10.292950  -76.568120    8040  10.1  0 -3  4  6 0 0 0 1 0 0 1 1 0 0 1 0 0 0
2017  5  3 19 54  5 298782  -10.038260  -75.548410    4785   5.3  0  1  4  6 0 0 1 1 0 0 0 1 1 0 0 0 0 0
2017  5  3 20 10 56   2347  -10.398030  -75.526070    4776   4.8  0  0  4  6 0 0 1 1 0 0 1 1 0 0 0 0 0 0
2017  5  3 20 13 47 343683  -10.302170  -75.562530   10912   5.8  0 -2  4  6 0 0 1 0 0 0 1 1 1 0 0 0 0 0
2017  5  3 20 15 28 253504  -10.635120  -75.118840    5270  18.0  0  2  6 15 0 0 0 1 1 0 1 1 1 0 1 0 0 0
2017  5  3 20 18  4 161625  -10.372040  -76.517820    7769   9.9  0 -2  4  6 0 0 0 1 0 0 0 1 1 0 1 0 0 0
2017  5  3 20 18  4 812835  -10.367020  -76.573570    7631  10.0  0 -1  4  6 0 0 0 1 0 0 1 0 1 0 1 0 0 0
2017  5  3 20 19 22 385443  -10.334820  -75.237300    4767   5.2  0 -1  4  6 0 0 1 1 0 0 1 1 0 0 0 0 0 0
2017  5  3 20 41 59 512654  -10.616420  -76.145070   15096   7.6  0  0  4  6 0 0 0 0 0 0 1 1 1 0 1 0 0 0
2017  5  3 20  2  1  71222  -10.347760  -76.445210    8839  14.3  0 -1  4  6 0 0 0 1 0 0 1 1 0 0 1 0 0 0
2017  5  3 21  8 54  68860  -11.069160  -75.971430    8344  13.9  0 -2  4  6 0 0 0 1 0 0 1 1 0 0 1 0 0 0
2017  5  3 22 57 34  80710  -11.766900  -76.314240    6061  17.6  0  0  4  6 0 0 1 0 0 0 1 1 0 0 1 0 0 0
2017  5  3 22 57 34  97438  -11.777110  -76.218190    3669   5.8  0 -1  4  6 0 0 1 0 0 0 1 0 0 0 1 1 0 0
2017  5  3  0  1 14 799966  -11.978470  -76.113410    3213   0.6  0  0  4  6 0 0 1 1 0 0 0 0 0 0 1 1 0 0
2017  5  3  1 53 46 760299  -11.135020  -75.688580    8612  15.7  0  0  4  6 0 0 0 1 0 0 1 1 0 0 1 0 0 0
2017  5  3  4 45 52 342993  -10.914340  -76.539320    7017   3.9  0 -1  4  6 0 0 0 1 0 0 1 1 0 0 1 0 0 0
2017  5  3  6 41 50 529171  -11.885740  -75.585270    6801  19.0  0  1  5 10 0 0 0 1 0 0 1 1 1 0 1 0 0 0
2017  5  3  6 48 48 712161  -10.411800  -76.511620    8938  19.4  0 -1  5  7 0 0 0 1 0 0 1 1 1 0 1 0 0 0
2017  5  3  8 15 42  55767  -10.657690  -76.985110   27880   2.0  0  1  4  6 0 0 0 1 0 0 1 1 1 0 0 0 0 0
2017  5  3  8 16 20 524688  -11.110030  -76.268240    9892  11.6  0 -2  5  7 0 0 0 1 0 0 1 1 1 0 1 0 0 0
2017  5  3  8 44 18 102252  -10.985140  -76.410710    5322   4.2  0  0  5 10 0 0 0 1 0 0 1 1 1 0 1 0 0 0
2017  5  3  8 50  7 393241  -11.998030  -75.770130    7702  12.1  0  1  4  6 0 0 0 1 0 0 1 1 0 0 1 0 0 0
2017  5  4 12  6 20 464175  -11.347130  -75.568680    8655  18.9  0  0  4  6 0 0 0 1 0 0 1 0 1 0 1 0 0 0
2017  5  4 18 14 51 103391  -11.043950  -75.336740    6520   3.0  0 -3  4  6 0 0 0 1 0 0 1 1 0 0 1 0 0 0
2017  5  4 18 15 23  79195  -11.028200  -75.474460    6548   2.8  0  3  4  6 0 0 0 1 0 0 1 1 0 0 1 0 0 0
2017  5  4 18 32  1 232031  -10.299730  -75.197920    8992  17.6  0  3  4  6 0 0 0 1 0 0 1 1 0 0 1 0 0 0
2017  5  4 19 19 14 729832  -10.968630  -76.379940    7677   9.6  0  0  4  6 0 0 0 1 0 0 1 1 0 0 1 0 0 0
2017  5  4 19 21 52 306079  -10.417130  -76.544110    7170   4.2  0  3  4  6 0 0 0 1 0 0 1 1 0 0 1 0 0 0
2017  5  4 19 26 53 424617  -10.352390  -75.027010    4221  12.5  0  0  5 10 0 0 1 1 0 0 1 1 1 0 0 0 0 0
2017  5  4 19 46  6 486058  -10.391140  -75.078580    3996  16.3  0 -3  5 10 0 0 1 0 1 0 1 0 0 0 1 0 0 1
2017  5  4 19 46  6 537132  -10.445200  -75.012840    2701  14.9  0 -1  7 20 0 0 1 1 1 0 1 0 1 0 1 1 0 0
2017  5  4 20 29 54 108764  -11.383920  -76.560830    3480   8.0  0 -1  4  6 0 0 1 1 0 0 1 0 0 0 0 1 0 0
2017  5  4 20 39 43  99576  -11.608240  -76.217810    4056  12.9  0 -1  5 10 0 0 1 1 0 0 1 1 0 0 1 0 0 0
2017  5  4 21 12 49 701835  -11.364290  -76.813580    5621  15.3  0 -2  4  6 0 0 1 1 0 0 1 0 1 0 0 0 0 0
2017  5  4 21 13 10  81894  -11.852380  -75.582760    3591   4.7  0  0  4  6 0 0 1 0 0 0 1 0 0 0 1 1 0 0
2017  5  4 21 14 19 151375  -11.856830  -75.628880    3575   4.4  0  0  4  6 0 0 1 0 0 0 1 0 0 0 1 1 0 0
2017  5  4 21 14 55 974249  -10.164720  -76.865320   15516  11.9  0 -1  4  6 0 0 0 1 0 0 1 0 1 0 0 0 0 1
2017  5  4 21 15  5  66177  -11.785330  -75.800100    2656  15.7  0 -2  7 21 0 0 1 0 1 0 1 1 0 0 1 1 0 1
2017  5  4 21 16  2 752993  -11.193510  -76.911810    4750   1.7  0 -3  4  6 0 0 1 1 0 0 1 1 0 0 0 0 0 0
2017  5  4 21 16  2 798167  -11.980460  -75.438900    4345  18.2  0  1  4  6 0 0 1 0 0 0 0 1 0 0 1 1 0 0
2017  5  4 21 17 50  96065  -11.687430  -76.017450    2828  14.5  0 -1  6 15 0 0 1 1 1 0 1 0 0 0 0 1 0 1
2017  5  4 21 18 43 695015  -11.778200  -75.991550    3353  19.4  0 -1  5 10 0 0 1 1 1 0 0 1 0 0 0 1 0 0
2017  5  4 21 18 43 702504  -11.461670  -76.451810    4718  17.6  0 -1  5 10 0 0 1 1 0 0 1 1 1 0 0 0 0 0
2017  5  4 21 18 43 980019  -11.474490  -76.475590    5084  18.8  0  0  5  8 0 0 1 1 0 0 1 1 1 0 0 0 0 0
2017  5  4 21 25  2 208092  -11.745740  -75.896380    4227   5.0  0 -3  4  6 0 0 1 1 0 0 1 0 0 0 1 0 0 0
2017  5  4 21 25  2  25767  -11.697040  -75.985650    4702  17.7  0 -1  5  9 0 0 1 1 0 0 0 1 1 0 1 0 0 0
2017  5  4 21 25  2  93381  -11.749070  -75.892180    4136   3.3  0 -3  4  6 0 0 1 1 0 0 1 0 0 0 1 0 0 0
2017  5  4 21 32 13 955866  -10.233680  -75.767930   20715  10.5  0 -2  4  6 0 0 0 0 0 0 1 1 1 0 0 0 0 1
2017  5  4 21  8  6 205782  -11.818050  -75.802560    5802  16.7  0  0  4  6 0 0 1 0 0 0 1 1 0 0 1 0 0 0
2017  5  4 22 13 35  36645  -11.829500  -75.873030    4778   6.9  0  0  4  6 0 0 1 0 0 0 1 1 0 0 1 0 0 0
2017  5  4 22 13 35   3007  -11.774050  -76.204810    5630  12.9  0 -1  5 10 0 0 0 1 1 0 1 0 0 0 1 0 0 1
2017  5  4 22 20 37 914617  -11.893600  -76.232220    7122  18.8  0  1  5 10 0 0 0 1 0 0 1 1 1 0 1 0 0 0
2017  5  4 22 20 37 938888  -11.997200  -75.704860    5792  16.6  0  1  4  6 0 0 1 0 0 0 1 1 0 0 1 0 0 0
2017  5  4 22 27 31 151305  -11.139560  -76.437550    3294  14.4  0  0  6 15 0 0 0 1 0 0 1 1 0 0 1 1 0 1
2017  5  4 22 41 24 985115  -11.202540  -76.229740    5481  11.1  0 -3  4  6 0 0 1 0 0 0 1 0 1 0 1 0 0 0
2017  5  4 23 10 55 145148  -11.396590  -76.222850    3258  14.5  0  2  5 10 0 0 1 1 0 0 1 0 0 0 1 1 0 0
2017  5  4 23 12 40 530138  -10.878930  -76.541450    6074  16.6  0 -3  4  6 0 0 1 0 0 0 1 1 0 0 1 0 0 0
2017  5  4 23 13 49 939273  -11.061920  -76.020580    5419  10.4  0 -3  4  6 0 0 1 0 0 0 1 0 1 0 1 0 0 0
2017  5  4 23 17 18 477731  -10.945310  -76.880590    3948   5.8  0 -1  5 10 0 0 1 1 0 0 1 1 1 0 0 0 0 0
2017  5  4 23 20 51 247771  -11.370380  -76.240070    3230  18.9  0 -3  7 21 0 0 0 1 1 0 1 1 1 0 1 1 0 0
2017  5  4 23 29 36 442171  -11.281220  -76.227770    4305  18.8  0  0  5 10 0 0 1 0 0 0 1 1 0 0 1 0 0 1
2017  5  4 23 31 28 750337  -11.572580  -75.767610    3504   6.9  0 -3  4  6 0 0 1 0 0 0 0 1 0 0 1 1 0 0
2017  5  4 23 34 26 451062  -10.937420  -76.303960    3616  15.6  0  0  5 10 0 0 1 0 0 0 1 0 1 0 1 1 0 0
2017  5  4 23  3 59   5975  -11.312780  -76.292970    5661  14.5  0 -1  4  6 0 0 1 0 0 0 1 1 0 0 1 0 0 0
2017  5  4 23  7 47 268145  -11.011110  -76.414400    4058   9.6  0 -3  5  9 0 0 1 1 0 0 1 1 0 0 1 0 0 0
2017  5  4 23  7 47 330654  -10.960000  -76.506670    2799  12.6  0 -3  6 14 0 0 1 1 1 0 0 0 0 0 1 1 0 1
2017  5  4 23  7 47 399641  -10.948950  -76.510780    2581   4.9  0 -1  6 15 0 0 1 1 0 0 1 1 0 0 0 1 0 1
2017  5  4 23  7 50 626152  -10.914040  -76.403790    5563  12.8  0 -2  4  6 0 0 1 0 0 0 1 1 0 0 1 0 0 0
2017  5  4  1  7 31 166240  -10.456120  -75.044850    3603   8.9  0 -3  4  6 0 0 1 0 0 0 0 1 0 0 1 1 0 0
2017  5  4  2 24 35 361176  -10.345650  -75.478700    3432  14.6  0 -1  6 14 0 0 1 0 1 0 1 0 1 0 1 0 0 1
2017  5  4  2 26 12 141628  -10.397350  -75.363130    3391  17.2  0 -3  5 10 0 0 1 0 1 0 0 0 1 0 0 1 0 1
2017  5  4  2 50 42 537355  -10.561120  -75.221950    4142   6.2  0 -3  5  7 0 0 1 0 0 0 1 0 1 0 1 0 0 1
2017  5  4  2 50 42  53909  -10.584240  -75.008480    5269  11.7  0 -2  4  6 0 0 0 0 0 0 0 0 1 0 1 1 0 1
2017  5  4  2 57 35 853009  -10.400950  -75.229800    2714  16.4  0  3  7 19 0 0 1 1 1 0 0 1 1 0 1 1 0 0
2017  5  4  3 43 58 130469  -10.372570  -75.363200    3347   7.8  0  3  5  7 0 0 1 0 0 0 1 1 0 0 1 1 0 0
2017  5  4  3 44 53  97098  -10.164060  -76.084670    5863   8.3  0 -1  5  8 0 0 0 1 1 0 1 0 0 0 1 0 0 1
2017  5  4  7 34 59 625335  -10.838490  -75.151180    6506   3.3  0  0  4  6 0 0 0 1 0 0 1 1 0 0 1 0 0 0
2017  5  4  8 31 49 930428  -10.799020  -75.316540   12092  10.5  0  0  4  6 0 0 0 1 1 0 0 1 1 0 0 0 0 0
2017  5  4  8 42 33  35170  -11.581560  -76.228000    7584   9.9  0  0  4  6 0 0 0 1 0 0 1 1 0 0 1 0 0 0
2017  5  4  8 47 17 585359  -10.645970  -75.708540   14005   4.1  0 -2  4  6 0 0 0 0 0 0 1 1 1 0 1 0 0 0
2017  5  4  8 50 35 136278  -10.450000  -75.921380    6939   4.2  0  1  4  6 0 0 0 1 0 0 1 1 0 0 1 0 0 0
2017  5  4  9 24 15 148579  -11.920360  -75.771520    8649  16.7  0  0  4  6 0 0 0 1 0 0 1 1 0 0 1 0 0 0
2017  5  4  9 42  1 924867  -11.921420  -75.192710    6519   5.9  0  0  4  6 0 0 0 1 0 0 1 1 0 0 1 0 0 0
2017  5  4  9 43 44 782938  -11.828620  -76.064240    8999  17.6  0  1  4  6 0 0 0 1 0 0 1 1 0 0 1 0 0 0
2017  5  4  9 45 44 800406  -11.536150  -76.490240    6719   0.2  0  1  4  6 0 0 0 1 0 0 1 1 0 0 1 0 0 0
2017  5  4  9 56  5 871804  -10.037120  -76.064250   13768   2.1  0  1  4  6 0 0 0 0 0 0 1 1 1 0 1 0 0 0
2017  5  5 10 11  2 984066  -10.497970  -76.373090   18166   4.2  0 -1  4  6 0 0 0 0 1 0 1 1 1 0 0 0 0 0
2017  5  5 10  1 50 666317  -10.212900  -76.575120    8313  11.5  0  1  4  6 0 0 0 1 0 0 1 1 0 0 1 0 0 0
2017  5  5 11 21 19  22794  -11.243350  -75.230930    3815   9.8  0  2  7 21 0 0 0 1 1 0 1 1 1 0 1 0 0 1
2017  5  5 11 21 34 979425  -10.376500  -76.428400   10208  15.9  0  0  5 10 0 0 0 1 1 0 1 1 1 0 0 0 0 0
2017  5  5 11 22  4  84388  -10.382720  -75.285080   25969   1.2  0  0  4  6 0 0 0 1 0 0 1 1 1 0 0 0 0 0
2017  5  5 11 30 10 448823  -10.210820  -75.670190    8238   4.2  0 -3  5  9 0 0 0 1 1 0 1 1 1 0 0 0 0 0
2017  5  5 11 32 57 712204  -10.176190  -76.130650    5889   7.3  0  1  5  9 0 0 0 1 1 0 1 1 0 0 1 0 0 0
2017  5  5 11 34 40 496148  -10.421880  -76.870250   11450  19.4  0 -1  5 10 0 0 0 1 1 0 1 1 1 0 0 0 0 0
2017  5  5 11 35 49 334008  -10.504730  -76.572790   22882  15.0  0 -3  4  6 0 0 0 0 1 0 1 1 1 0 0 0 0 0
2017  5  5 11 36 30  35703  -10.703320  -75.350850    7971   6.7  0  0  5 10 0 0 0 1 1 0 1 1 1 0 0 0 0 0
2017  5  5 11 40  6 537774  -11.282660  -76.110310    8402   3.7  0 -1  5  9 0 0 0 1 1 0 1 1 1 0 0 0 0 0
2017  5  5 11 58 58 306434  -11.790140  -75.078510    4003   7.2  0 -1  5  9 0 0 1 1 0 0 1 1 1 0 0 0 0 0
2017  5  5 14  6 28  16412  -10.908130  -75.494630    3261  13.2  0  3  6 15 0 0 1 1 0 0 1 1 1 0 0 0 0 1
2017  5  5 15 51 43 619557  -10.697920  -75.022370    3309  18.2  0 -1  7 20 0 0 1 1 1 0 0 1 1 0 1 0 0 1
2017  5  5 16 24 40 148966  -11.254710  -75.551770   10467   3.4  0  0  4  6 0 0 1 0 0 0 1 1 1 0 0 0 0 0
2017  5  5 16 25  8 346218  -10.690290  -75.244700    3083  19.1  0  1  7 21 0 0 1 1 1 0 1 1 1 0 0 0 0 1
2017  5  5 16 26 14 979245  -10.701940  -76.077360   11049   0.4  0  1  4  6 0 0 0 1 1 0 1 0 1 0 0 0 0 0
2017  5  5 16 36 12 909597  -11.507080  -75.011020    7241   8.3  0  3  4  6 0 0 0 1 0 0 0 1 1 0 1 0 0 0
2017  5  5 16 50 26 972987  -10.525990  -76.349240   10676   1.2  0  0  4  6 0 0 1 0 0 0 1 1 1 0 0 0 0 0
2017  5  5 17 55 20 206035  -11.938360  -76.515990   11325   6.8  0  1  4  6 0 0 1 0 0 0 1 1 1 0 0 0 0 0
2017  5  5 18 16 56 874363  -11.391730  -76.564910   14996   6.5  0  0  4  6 0 0 0 0 0 0 1 1 1 0 1 0 0 0
2017  5  5 18 26  5 606719  -11.790090  -76.665240    5816  15.7  0 -3  4  6 0 0 1 1 0 0 1 1 0 0 0 0 0 0
2017  5  5 18 46 30   1147  -11.748050  -76.402570    3721  10.1  0  0  5 10 0 0 1 0 0 0 1 0 1 0 1 0 0 1
2017  5  5 18 57 56 719305  -11.248580  -76.955020    4603  16.6  0 -2  5 10 0 0 1 1 0 0 1 1 1 0 0 0 0 0
2017  5  5 19 49 40 752085  -11.874930  -75.826810    3349  10.8  0 -1  5 10 0 0 1 0 0 0 1 0 1 0 1 1 0 0
2017  5  5 20 12 50 107892  -11.881020  -75.842970    5211   8.9  0  1  4  6 0 0 1 0 0 0 1 0 1 0 1 0 0 0
2017  5  5 20 49 10 238338  -10.193350  -75.308480    7953  14.5  0 -2  4  6 0 0 0 1 0 0 1 0 1 0 1 0 0 0
2017  5  5 21 52 50 624421  -10.704760  -75.017550    6603   4.7  0  3  4  6 0 0 0 1 0 0 1 1 0 0 1 0 0 0
2017  5  5  0 11 19 717066  -11.450680  -76.123250    3625  16.5  0 -3  5  8 0 0 1 1 1 0 0 0 0 0 0 1 0 1
2017  5  5  0 27 56 266124  -11.453990  -75.657360    4504   7.1  0 -2  4  6 0 0 1 0 0 0 0 0 1 0 1 0 0 1
2017  5  5  0 42 58 208375  -10.614360  -76.625920    8244  12.6  0  0  4  6 0 0 0 1 0 0 0 1 1 0 1 0 0 0
2017  5  5  4 20 17 819148  -11.873090  -75.165530   11181   5.6  0  3  4  6 0 0 0 1 1 0 0 1 1 0 0 0 0 0
2017  5  5  4 45  1 932986  -11.560100  -76.271020   14984  16.2  0  0  4  6 0 0 0 1 1 0 0 1 1 0 0 0 0 0
2017  5  5  7 11 31 557005  -11.953930  -76.648250    8543  14.2  0  0  4  6 0 0 0 1 0 0 1 1 0 0 1 0 0 0
2017  5  5  7 19 28 744859  -10.049970  -75.332770    4520  17.2  0  2  5 10 0 0 1 1 1 0 0 1 0 0 1 0 0 0
2017  5  5  8 20  3 727946  -11.973940  -76.950760    5581   5.6  0  0  5  9 0 0 0 1 1 0 1 0 1 0 1 0 0 0
2017  5  5  9 13 36 522660  -10.359320  -75.197400    4451  17.1  0  0  7 21 0 0 0 1 1 0 1 1 1 0 1 0 0 1
2017  5  5  9 43 42 244639  -10.540770  -75.002590    3517  16.1  0  0  5  9 0 0 1 0 1 0 0 1 1 0 0 1 0 0
2017  5  5  9 57 53 958214  -10.588490  -76.275570    4942  11.7  0  0  4  6 0 0 0 1 0 0 0 0 1 0 1 1 0 0
2017  5  6 10 20 15 281360  -11.889190  -75.402790    5519   8.9  0 -2  5 10 0 0 0 1 0 0 1 1 1 0 1 0 0 0
2017  5  6 10 28  1  61186  -10.286090  -75.048660    7363   9.7  0  0  4  6 0 0 0 1 0 0 1 1 0 0 1 0 0 0
2017  5  6 12 10 36 803687  -11.596570  -75.175760    5353   8.3  0 -2  5 10 0 0 0 1 0 0 1 1 1 0 1 0 0 0
2017  5  6 12 49 21 878739  -10.065270  -75.014090    7932  12.6  0 -1  4  6 0 0 0 1 0 0 1 1 0 0 1 0 0 0
2017  5  6 13  0 34 873751  -11.535680  -76.394970    7397   8.5  0 -1  4  6 0 0 0 1 0 0 1 1 0 0 1 0 0 0
2017  5  6 18  4 46 976946  -10.045060  -75.234150    6372  18.5  0  0  4  6 0 0 1 0 0 0 1 1 0 0 1 0 0 0
2017  5  6 19 11 53 665607  -10.072520  -76.058270    7022   3.8  0  3  4  6 0 0 0 1 0 0 1 1 0 0 1 0 0 0
2017  5  6 19 17  1 792119  -10.021730  -76.588610    7201   3.4  0 -3  4  6 0 0 0 1 0 0 1 1 0 0 1 0 0 0
2017  5  6 19 22 23 438706  -10.101730  -76.961960    7418   8.2  0  2  4  6 0 0 0 1 0 0 1 0 1 0 1 0 0 0
2017  5  6 19 26 45 257654  -10.301040  -75.606860    7652  10.2  0 -3  4  6 0 0 0 1 0 0 1 1 0 0 1 0 0 0
2017  5  6 19 28 33 137758  -10.299820  -75.576770    6763   3.1  0  2  4  6 0 0 0 1 0 0 1 1 0 0 1 0 0 0
2017  5  6 19 30  7 726990  -10.234360  -75.908680   13848   2.7  0  1  4  6 0 0 0 0 0 0 1 1 1 0 1 0 0 0
2017  5  6 19 31 21 953278  -10.112270  -76.226900    6939   0.4  0  3  4  6 0 0 0 1 0 0 1 1 0 0 1 0 0 0
2017  5  6 19 37 42 287272  -10.112340  -76.110000    7590   8.5  0  1  4  6 0 0 0 1 0 0 1 1 0 0 1 0 0 0
2017  5  6 21 56 57 467448  -11.723720  -75.916400    5648  14.9  0 -1  4  6 0 0 1 0 0 0 1 1 0 0 1 0 0 0
2017  5  6 22 38 31 800107  -11.070450  -76.407130    3430  15.9  0  0  5 10 0 0 1 0 0 0 1 1 0 0 1 1 0 0
2017  5  6 22 44  4 377792  -11.230510  -76.294410    4439  19.8  0 -1  5 10 0 0 1 0 0 0 0 1 1 0 1 0 0 1
2017  5  6 23 35 50 427189  -11.454280  -76.205630    3664  17.6  0  0  6 15 0 0 1 1 0 0 0 1 1 0 1 0 0 1
2017  5  6  2 40 51 740497  -10.963130  -75.144950    3345   8.6  0 -1  5 10 0 0 0 1 0 0 1 1 0 0 1 1 0 0
2017  5  6  4 54  2 849904  -10.821690  -76.736720    7612   8.3  0 -3  4  6 0 0 0 1 0 0 0 1 1 0 1 0 0 0
2017  5  6  5 30 14 569683  -10.076700  -75.271000    2985  19.0  0  0  6 13 0 0 1 1 0 0 1 1 0 0 1 1 0 0
2017  5  6  5 34 40 341357  -10.007120  -75.240830    2833  19.4  0  1  7 20 0 0 1 1 0 0 0 1 1 0 1 1 0 1
2017  5  6  6 10  6 128998  -10.903040  -76.637470    3061  10.0  0 -1  5  9 0 0 1 1 0 0 1 1 0 0 0 1 0 0
2017  5  6  6 14  5 785205  -10.175930  -75.249480    8743  16.1  0  0  4  6 0 0 0 1 0 0 1 1 0 0 1 0 0 0
2017  5  6  7 14 38 710018  -10.600900  -75.354130    8794  16.7  0 -2  4  6 0 0 0 1 0 0 1 1 0 0 1 0 0 0
2017  5  6  7 31  0 364216  -10.460220  -75.045220    4239   1.5  0  3  4  6 0 0 1 0 0 0 0 0 1 0 1 0 0 1
2017  5  6  7  9 59 285740  -10.627870  -75.102100    6293  15.9  0  0  5 10 0 0 0 1 0 0 1 1 1 0 1 0 0 0
2017  5  6  8 13 48 966767  -10.262460  -75.062500    9220  18.6  0  1  4  6 0 0 0 1 0 0 1 1 0 0 1 0 0 0
2017  5  6  8 37 41 147902  -10.123020  -75.304140    8478  15.7  0  0  4  6 0 0 0 1 0 0 0 1 1 0 1 0 0 0
2017  5  6  8 39 12 964967  -10.269700  -75.081400    7297   9.1  0  0  4  6 0 0 0 1 0 0 1 1 0 0 1 0 0 0
2017  5  6  8 39 38 255144  -10.657370  -75.953700    7510   8.7  0  0  4  6 0 0 0 1 0 0 1 1 0 0 1 0 0 0
2017  5  6  8 47 22  52259  -10.137020  -76.484630    7906   9.2  0  0  4  6 0 0 0 1 0 0 1 1 0 0 1 0 0 0
2017  5  6  8 55 53 883484  -10.519650  -75.696150    8029  12.0  0  3  4  6 0 0 0 1 0 0 1 1 0 0 1 0 0 0
2017  5  6  8 59  7 540855  -11.554950  -75.443860    9310  19.6  0 -1  4  6 0 0 0 1 0 0 1 1 0 0 1 0 0 0
2017  5  6  9 16 18 244336  -11.813720  -75.546600    6377   1.6  0 -1  4  6 0 0 0 1 0 0 1 1 0 0 1 0 0 0
2017  5  6  9 16 33  17932  -10.232890  -76.516290    7496   6.8  0  0  4  6 0 0 0 1 0 0 1 1 0 0 1 0 0 0
2017  5  6  9 20 47 469285  -11.509850  -75.016030    8749  18.1  0 -2  4  6 0 0 0 1 0 0 1 1 0 0 1 0 0 0
2017  5  6  9 28  2 824968  -11.661600  -76.667800    8581  14.0  0  2  4  6 0 0 0 1 0 0 1 1 0 0 1 0 0 0
2017  5  6  9 47 46 774525  -10.271300  -76.849220    9633  16.6  0  2  4  6 0 0 0 1 0 0 1 1 0 0 1 0 0 0
2017  5  6  9 51 25 912058  -10.417110  -76.022160    9048  16.1  0  1  4  6 0 0 0 1 0 0 1 1 0 0 1 0 0 0
2017  5  6  9 58  2  83239  -10.908190  -76.353540    6921   3.2  0  0  4  6 0 0 0 1 0 0 1 1 0 0 1 0 0 0
2017  5  6  9  9 10 438846  -11.885230  -76.941720    7924  10.4  0 -2  4  6 0 0 0 1 0 0 1 1 0 0 1 0 0 0
2017  5  6  9  9 43 977687  -10.165960  -76.913810    8885  13.1  0  1  4  6 0 0 0 1 0 0 1 1 0 0 1 0 0 0
2017  5  7 10  6 23 608836  -10.548880  -75.571630   14041   4.8  0  1  4  6 0 0 0 0 0 0 1 1 1 0 1 0 0 0
2017  5  7 16 56 15 206233  -11.543810  -75.720920    3437  16.8  0 -1  5 10 0 0 1 0 0 0 1 1 0 0 1 1 0 0
2017  5  7 18 42 55 461451  -11.943800  -75.667430    5003   9.9  0 -1  4  6 0 0 1 0 0 0 1 1 0 0 1 0 0 0
2017  5  7 18 42 55 523358  -11.956930  -75.724980    3312  11.3  0 -2  6 11 0 0 0 1 0 0 0 1 1 0 1 1 0 1
2017  5  7 19 46 28 834440  -10.839490  -75.375430    3385   2.0  0 -2  4  6 0 0 1 0 0 0 1 1 0 0 0 1 0 0
2017  5  7 20 31 33 149110  -10.119890  -76.918470    5355  18.8  0 -2  4  6 0 0 0 0 0 0 1 1 0 0 1 1 0 0
2017  5  7 20 53  1  78018  -10.030350  -76.423990    3373   1.8  0 -1  4  6 0 0 1 0 0 0 0 0 0 0 1 1 0 1
2017  5  7 20 57  8 523304  -10.786200  -76.618500    4554   8.5  0 -3  4  6 0 0 1 1 0 0 1 0 0 0 0 0 0 1
2017  5  7 20 57  8 611139  -10.816920  -76.942850    9447  16.5  0 -1  4  6 0 0 0 1 0 0 1 1 0 0 1 0 0 0
2017  5  7 20 57  8 740878  -10.824960  -76.574130    2849  16.1  0 -3  6 15 0 0 1 1 0 0 1 1 0 0 0 1 0 1
2017  5  7 21 19 59 341511  -11.678920  -75.999510    5115  10.6  0  2  4  6 0 0 1 1 0 0 1 1 0 0 0 0 0 0
2017  5  7 21 23 21 346426  -11.371930  -75.855890    4118   5.1  0 -1  4  6 0 0 1 0 0 0 1 0 0 0 1 0 0 1
2017  5  7 21 25 14 570200  -11.534610  -76.319050    4915   7.6  0  1  4  6 0 0 1 1 0 0 1 1 0 0 0 0 0 0
2017  5  7 21 25  7 900002  -11.385030  -76.038670    4764   5.4  0  0  4  6 0 0 1 0 0 0 1 1 0 0 1 0 0 0
2017  5  7 21 32 22 699291  -11.412190  -75.958100    5411  12.6  0 -3  4  6 0 0 1 0 0 0 1 1 0 0 1 0 0 0
2017  5  7 21 32 22 737430  -11.431870  -75.928220    3508   1.4  0  2  4  6 0 0 1 0 0 0 1 0 0 0 1 1 0 0
2017  5  7 21 34 28 398414  -11.358140  -76.075450    2805  12.6  0 -1  6 15 0 0 1 1 0 0 1 0 0 0 1 1 0 1
2017  5  7 21 39 58 784344  -10.951860  -76.820570    5370  10.2  0 -3  4  6 0 0 1 1 0 0 1 1 0 0 0 0 0 0
2017  5  7 21 39 58 956286  -11.701620  -75.402070    4684   8.3  0 -1  4  6 0 0 1 0 0 0 0 1 1 0 0 0 0 1
2017  5  7 21 41 53 168245  -10.873050  -76.336270    3604  10.5  0 -1  4  6 0 0 1 1 0 0 0 0 0 0 1 1 0 0
2017  5  7 21 42 42 416149  -10.950280  -75.861110    3273   0.8  0  1  4  6 0 0 1 0 0 0 1 0 0 0 0 1 0 1
2017  5  7 21 43 50 599956  -10.971830  -76.380470    4021  17.0  0  0  5 10 0 0 0 1 0 0 0 1 0 0 1 1 0 1
2017  5  7 21 43 50 612384  -10.750410  -76.439700    5280  10.2  0 -1  4  6 0 0 1 1 0 0 1 1 0 0 0 0 0 0
2017  5  7 21 45 11 327328  -10.540990  -76.773180    4817   1.3  0 -3  4  6 0 0 1 1 0 0 1 1 0 0 0 0 0 0
2017  5  7 21 49 16 694809  -10.506440  -76.863200    5030   5.3  0 -1  4  6 0 0 1 1 0 0 1 1 0 0 0 0 0 0
2017  5  7 21 49 58 615439  -10.849600  -76.295070    3816  13.7  0  1  4  6 0 0 1 1 0 0 1 0 0 0 0 1 0 0
2017  5  7 21 53 45 338668  -11.054150  -76.004660    4346   3.1  0 -2  4  6 0 0 1 0 0 0 0 0 1 0 1 0 0 1
2017  5  7 22 11  6 486105  -11.517050  -75.779080    5576  14.3  0 -1  4  6 0 0 1 0 0 0 1 1 0 0 1 0 0 0
2017  5  7 22 12 50 272318  -11.773500  -75.304630    3284   3.1  0 -2  4  6 0 0 1 0 0 0 1 0 0 0 0 1 0 1
2017  5  7 22 28 28 632272  -11.801330  -76.588640    7325   7.9  0 -3  4  6 0 0 0 1 0 0 1 1 0 0 1 0 0 0
2017  5  7 22 56 46 367674  -11.904400  -75.208610    2584   3.6  0 -1  6 15 0 0 1 0 0 0 1 1 0 0 1 1 0 1
2017  5  7 22 56 46 422133  -11.921030  -75.352500    4901  19.9  0 -2  4  6 0 0 1 0 0 0 0 0 1 0 1 1 0 0
2017  5  7 22 56 46 702952  -11.912560  -75.164940    3913   4.5  0 -2  4  6 0 0 0 0 0 0 1 1 0 0 1 1 0 0
2017  5  7  6 19 17 445837  -10.327550  -76.994290    7307   3.7  0  0  4  6 0 0 0 1 0 0 1 1 0 0 1 0 0 0
2017  5  7  6 22 29 903317  -11.269620  -75.207390    6344   1.0  0  0  4  6 0 0 0 1 0 0 1 1 0 0 1 0 0 0
2017  5  7  6 26 44 549600  -11.380290  -75.000440    6680   6.9  0  0  4  6 0 0 0 1 0 0 1 1 0 0 1 0 0 0
2017  5  7  6 37  8 391897  -11.486910  -75.178030    6688   6.4  0  0  4  6 0 0 0 1 0 0 1 1 0 0 1 0 0 0
2017  5  7  6 39  7  38399  -11.200270  -75.715870    5931  12.6  0  0  5 10 0 0 0 1 0 0 1 1 1 0 1 0 0 0
2017  5  7  6 41 15 706604  -11.338940  -75.527440    6656   4.6  0  0  4  6 0 0 0 1 0 0 1 1 0 0 1 0 0 0
2017  5  7  6 45 25 513113  -11.254140  -75.633480   17593  15.2  0 -2  4  6 0 0 0 0 0 0 1 1 1 0 1 0 0 0
2017  5  7  6 49 41 796866  -11.345310  -75.194730    6410   2.9  0  1  4  6 0 0 0 1 0 0 1 1 0 0 1 0 0 0
2017  5  7  7 17 17 312966  -11.180660  -76.740980   19862  17.9  0  0  4  6 0 0 0 0 0 0 1 1 1 0 1 0 0 0
2017  5  7  7 50 25 208640  -11.137840  -76.804050    6999   2.8  0  0  4  6 0 0 0 1 0 0 1 1 0 0 1 0 0 0
2017  5  7  7 54 59  83715  -11.317650  -76.702710    6991   3.9  0 -1  4  6 0 0 0 1 0 0 1 1 0 0 1 0 0 0
2017  5  7  7 59 31 443126  -11.267660  -76.727090    8261  12.4  0  1  4  6 0 0 0 1 0 0 1 1 0 0 1 0 0 0
2017  5  7  8 16  3 250945  -11.372250  -76.689060    7066   5.0  0 -2  4  6 0 0 0 1 0 0 1 1 0 0 1 0 0 0
2017  5  7  8 20 47 931301  -11.247110  -76.977280    8333  12.1  0  0  4  6 0 0 0 1 0 0 1 1 0 0 1 0 0 0
2017  5  7  8  5 23 470001  -11.225150  -76.931780    8292  12.1  0 -1  4  6 0 0 0 1 0 0 1 1 0 0 1 0 0 0
2017  5  7  8  5 36 343594  -11.726050  -76.965770    6862   1.1  0  0  4  6 0 0 0 1 0 0 1 1 0 0 1 0 0 0
2017  5  8 16 36 36 430704  -11.190410  -76.128050    4286  14.1  0  0  5 10 0 0 1 1 0 0 1 0 1 0 1 0 0 0
2017  5  8 16 39 41 417663  -11.408740  -75.756940    3564   8.1  0  0  4  6 0 0 1 0 0 0 0 1 0 0 1 1 0 0
2017  5  8 20 10  8  86134  -11.031930  -76.515130    6044  17.0  0  2  4  6 0 0 1 0 0 0 1 1 0 0 1 0 0 0
2017  5  8 20 13 18 304387  -11.736880  -76.015070    4284   5.9  0 -3  4  6 0 0 1 1 0 0 1 0 0 0 1 0 0 0
2017  5  8 20 17 47 179509  -11.814230  -75.138990    4493  17.4  0 -1  5  9 0 0 0 0 0 0 1 0 1 0 1 1 0 1
2017  5  8 20 33 38 187469  -11.160580  -76.359450    5805  14.2  0 -1  4  6 0 0 1 0 0 0 1 0 1 0 1 0 0 0
2017  5  8 20 34 38 156561  -11.693350  -76.055220    5839  16.3  0 -3  4  6 0 0 1 0 0 0 1 1 0 0 1 0 0 0
2017  5  8 20 34 38 313942  -11.680190  -76.049290    4299   5.9  0 -3  4  6 0 0 1 1 0 0 1 0 0 0 1 0 0 0
2017  5  8 20 37 39 174104  -11.844500  -75.976760    6214  19.7  0  0  4  6 0 0 1 0 0 0 1 1 0 0 1 0 0 0
2017  5  8 20 43  3 228715  -11.038050  -76.302460    4263  14.0  0 -3  4  6 0 0 1 0 0 0 1 0 0 0 1 1 0 0
2017  5  8 20 51 26  22102  -11.168070  -76.421090    6238  18.5  0  0  4  6 0 0 1 0 0 0 1 1 0 0 1 0 0 0
2017  5  8 20 51  8  49245  -10.963000  -76.333500    3583   7.9  0  0  4  6 0 0 1 0 0 0 0 1 0 0 1 1 0 0
2017  5  8 20 58 26 282215  -10.573300  -76.990490    6351  17.4  0 -1  4  6 0 0 1 1 0 0 1 1 0 0 0 0 0 0
2017  5  8 20 59 37 643857  -11.425730  -76.499310    5675  14.3  0 -1  4  6 0 0 1 1 0 0 1 1 0 0 0 0 0 0
2017  5  8 20  7 11 989859  -11.781390  -76.021430    3463  17.6  0  0  5 10 0 0 1 0 0 0 1 0 0 0 1 1 0 1
2017  5  8 21 16 47 237895  -10.062110  -76.879390    3230  18.5  0  0  7 21 0 0 0 1 0 0 1 1 1 0 1 1 0 1
2017  5  8 21 19 15 589766  -11.929770  -75.807350    5707  16.0  0 -2  4  6 0 0 1 0 0 0 1 1 0 0 1 0 0 0
2017  5  8 21 20 10 492351  -10.318080  -75.515230    6325   5.4  0 -1  4  6 0 0 0 1 0 0 0 1 1 0 0 1 0 0
2017  5  8 21 23 38 182903  -11.952790  -75.613840    3853  13.5  0  2  4  6 0 0 1 1 0 0 0 0 1 0 0 1 0 0
2017  5  8 21 23 58 596914  -11.694690  -75.980080    5944  17.2  0 -3  4  6 0 0 1 0 0 0 1 1 0 0 1 0 0 0
2017  5  8 21 24 53 128860  -10.785090  -76.550860    2967  18.3  0 -2  6 15 0 0 1 1 0 0 1 1 0 0 1 1 0 0
2017  5  8 21 24 53 675983  -10.789530  -76.497010    2915  15.3  0 -1  6 15 0 0 1 1 0 0 1 0 0 0 1 1 0 1
2017  5  8 21 24 53  78520  -10.765890  -76.333480    5555  16.6  0 -1  4  6 0 0 0 0 0 0 1 0 1 0 1 1 0 0
2017  5  8 21 29 35 216724  -11.888030  -75.738490    5227  12.4  0 -3  4  6 0 0 1 1 0 0 1 1 0 0 0 0 0 0
2017  5  8 21 48 15 188578  -11.161050  -76.095860    4695  11.1  0 -1  4  6 0 0 1 0 0 0 1 0 0 0 1 0 0 1
2017  5  8 21 52 39 338499  -10.489900  -76.642180    5306  19.6  0  0  5  9 0 0 1 0 0 0 1 1 1 0 1 0 0 0
2017  5  8 21 59 58  97142  -11.824140  -75.427360    2830   3.6  0 -2  5 10 0 0 1 1 0 0 1 0 0 0 1 1 0 0
2017  5  8 21  4 33 803380  -11.673180  -76.043750    5856  16.3  0 -2  4  6 0 0 1 0 0 0 1 1 0 0 1 0 0 0
2017  5  8 21  7 20 933925  -10.184320  -76.543470    3538   5.9  0  1  4  6 0 0 1 0 0 0 1 1 0 0 0 1 0 0
2017  5  8 21  7 41 530522  -11.109690  -76.089650    4403  15.7  0 -3  4  6 0 0 1 0 0 0 1 0 0 0 1 1 0 0
2017  5  8 22 16 19 247118  -10.421710  -76.778390    6018  15.6  0 -1  4  6 0 0 1 0 0 0 1 1 0 0 1 0 0 0
2017  5  8 22 55 25 655344  -11.677880  -76.968620   15627  19.7  0  0  4  6 0 0 1 0 0 0 1 1 1 0 0 0 0 0
2017  5  8 22  3  0 626773  -11.824380  -75.785540    4208  18.8  0 -2  5  8 0 0 1 0 0 0 1 1 1 0 0 1 0 0
2017  5  8 22  3  0 709633  -11.869650  -75.744350    3224   0.5  0  0  5 10 0 0 0 0 0 0 1 1 0 0 1 1 0 1
2017  5  8 22  6 29 675499  -11.837310  -75.402920    5599  15.1  0 -2  4  6 0 0 1 0 0 0 1 1 0 0 1 0 0 0
2017  5  8 23 43 34 435416  -11.983550  -75.525690    4054   5.7  0 -3  4  6 0 0 1 0 0 0 1 0 0 0 1 0 0 1
2017  5  8 23  9 24 158339  -10.823970  -76.388210    4559   3.7  0 -1  4  6 0 0 1 1 0 0 0 1 0 0 1 0 0 0
2017  5  8 23  9 24 203539  -10.508530  -76.601500    4982   5.9  0 -2  4  6 0 0 1 0 0 0 1 1 0 0 1 0 0 0
2017  5  8  9 11 34 912122  -11.388910  -76.312970   18749   1.7  0  3  4  6 0 0 0 0 0 0 1 1 1 0 0 0 0 1
2017  5  9 11 52 23 273089  -10.109440  -76.201420    8417  12.7  0 -3  4  6 0 0 0 1 0 0 1 1 0 0 1 0 0 0
2017  5  9 11 53  9 390974  -10.141300  -76.518200   35608  16.3  0  0  4  6 0 0 0 1 0 0 1 1 1 0 0 0 0 0
2017  5  9 11 57  8 363603  -10.307700  -75.157020    3434  13.1  0  0  6 15 0 0 1 1 0 0 1 1 1 0 1 0 0 0
2017  5  9 12 29 41  59289  -10.222090  -76.359710    6110  11.2  0 -1  5  9 0 0 0 1 0 0 1 1 1 0 1 0 0 0
2017  5  9 12 43  5 379766  -10.150670  -75.553500    6326  18.9  0  1  4  6 0 0 1 1 0 0 1 1 0 0 0 0 0 0
2017  5  9 12 59 52 843728  -10.176350  -76.070900    8344  12.9  0  2  4  6 0 0 0 1 0 0 1 1 0 0 1 0 0 0
2017  5  9 13 12 14 918852  -10.039740  -75.431030    3099  12.8  0  0  6 11 0 0 1 0 0 0 1 0 1 0 1 1 0 1
2017  5  9 13 33 41 240524  -10.511960  -75.250790    3403  19.7  0  1  5 10 0 0 1 1 0 0 0 1 1 0 0 1 0 0
2017  5  9 13 35  4 576036  -10.348340  -76.112170    8132  11.7  0  2  4  6 0 0 0 1 0 0 1 1 0 0 1 0 0 0
2017  5  9 13 43 22 203001  -10.205000  -76.488730    8428  14.0  0  1  4  6 0 0 0 1 0 0 0 1 1 0 1 0 0 0
2017  5  9 13 43 22 570405  -10.294800  -76.419300    8154  11.3  0  3  4  6 0 0 0 1 0 0 1 1 0 0 1 0 0 0
2017  5  9 13 55 43 888392  -10.597020  -76.677200    7003   1.3  0  1  4  6 0 0 0 1 0 0 1 1 0 0 1 0 0 0
2017  5  9 15 33 26 600356  -10.187040  -75.598560    4694   1.1  0  2  4  6 0 0 1 1 0 0 1 1 0 0 0 0 0 0
2017  5  9  6 27 32 629680  -10.904710  -76.938320    8867  14.1  0  2  4  6 0 0 0 1 0 0 1 1 0 0 1 0 0 0
2017  5  9  6 49 57 210237  -10.536430  -76.359090    7792   9.6  0  0  4  6 0 0 0 1 0 0 1 1 0 0 1 0 0 0
2017  5  9  6  6 41 355088  -10.489290  -75.138440    4153  14.4  0  2  5 10 0 0 1 1 0 0 0 1 1 0 1 0 0 0
2017  5  9  7 26 11 748992  -10.541120  -75.112630    3523  12.3  0  0  5  7 0 0 1 1 0 0 0 1 0 0 0 1 0 1
2017  5  9  7 51 22 584324  -10.835060  -76.333030    8064  11.5  0  0  4  6 0 0 0 1 0 0 1 1 0 0 1 0 0 0
2017  5  9  7 51  1 628937  -10.456370  -76.847630    7346   4.9  0  0  4  6 0 0 0 1 0 0 1 1 0 0 1 0 0 0
2017  5  9  8 38 34  33214  -11.005670  -75.899780    8149  13.0  0  0  4  6 0 0 0 1 0 0 1 1 0 0 1 0 0 0
2017  5  9  9 21  5 895175  -10.142850  -76.737720    8106  12.3  0  2  4  6 0 0 0 1 0 0 0 1 1 0 1 0 0 0
2017  5 10 10 13 55 191221  -11.957780  -75.827330   15625  10.6  0  0  4  6 0 0 0 0 0 0 1 1 1 0 1 0 0 0
2017  5 10 10 17  0 409237  -10.379820  -75.255460   25898   0.8  0  1  4  6 0 0 0 1 0 0 1 1 1 0 0 0 0 0
2017  5 10 10 24 17 238064  -11.442450  -75.093770   10228   3.4  0  1  5  7 0 0 0 1 0 0 1 1 1 0 0 0 0 1
2017  5 10 10 38 44 127486  -11.611220  -75.170510    5911   1.4  0  0  5  9 0 0 0 1 0 0 1 1 1 0 1 0 0 0
2017  5 10 10  3 39 722387  -11.165490  -76.883610    6986   2.3  0  1  4  6 0 0 0 1 0 0 1 1 0 0 1 0 0 0
2017  5 10 11 18 23 342954  -10.805900  -75.188200    6508   2.9  0 -2  4  6 0 0 0 1 0 0 1 1 0 0 1 0 0 0
2017  5 10 11  2 59 526222  -11.899800  -76.207440    8309  13.9  0  3  4  6 0 0 0 1 0 0 1 1 0 0 1 0 0 0
2017  5 10 17 37 53 923938  -11.972770  -75.054150   12018   1.2  0 -1  4  6 0 0 0 1 0 0 0 1 1 0 0 0 0 1
2017  5 10 21 14 24  26067  -11.528330  -76.041850    3523   2.1  0 -3  4  6 0 0 1 0 0 0 1 0 0 0 1 1 0 0
2017  5 10 21 23 42 794130  -10.948120  -76.372670    4784   4.0  0 -1  4  6 0 0 1 0 0 0 1 1 0 0 1 0 0 0
2017  5 10 21 26 59 196030  -10.959270  -76.264190    3173  11.0  0 -2  5 10 0 0 1 0 0 0 1 1 0 0 1 1 0 0
2017  5 10 21 33 30 214354  -11.310330  -76.256140    6412  19.9  0 -1  4  6 0 0 1 0 0 0 1 1 0 0 1 0 0 0
2017  5 10 21 36 29 905755  -10.801310  -76.188260    5525  12.7  0  1  4  6 0 0 1 0 0 0 1 1 0 0 1 0 0 0
2017  5 10 21 41 52  35026  -10.875650  -76.124670    5458  12.1  0 -2  4  6 0 0 1 0 0 0 1 1 0 0 1 0 0 0
2017  5 10 21 43 37 945869  -11.091480  -76.182010    5930  16.3  0  1  4  6 0 0 1 0 0 0 1 1 0 0 1 0 0 0
2017  5 10 21 43 37 956540  -11.085730  -76.196970    6069  17.0  0 -2  4  6 0 0 1 0 0 0 1 1 0 0 1 0 0 0
2017  5 10 21 51 33 176958  -11.337350  -76.054600    5070   9.1  0  0  4  6 0 0 1 0 0 0 1 1 0 0 1 0 0 0
2017  5 10 21 51 43 482697  -11.008470  -76.543080    9578  18.1  0 -3  4  6 0 0 0 1 0 0 1 1 0 0 1 0 0 0
2017  5 10 21 52  8 650817  -11.424380  -76.746210    6907   2.9  0 -3  4  6 0 0 0 1 0 0 1 1 0 0 1 0 0 0
2017  5 10 21 54 14 260567  -11.022910  -76.372440    6382  19.1  0  1  4  6 0 0 1 0 0 0 1 1 0 0 1 0 0 0
2017  5 10 21  7  4  83175  -10.179640  -75.853210    4784   3.1  0 -3  4  6 0 0 1 1 0 0 1 1 0 0 0 0 0 0
2017  5 10 22 12 28 958195  -10.894650  -76.168170    6000  16.4  0  1  4  6 0 0 1 0 0 0 1 1 0 0 1 0 0 0
2017  5 10 22 22 22 251911  -10.831810  -76.239720    4058   0.9  0 -1  4  6 0 0 1 0 0 0 1 0 0 0 1 0 0 1
2017  5 10 22 42 55 189944  -10.932430  -76.220160    3032   8.9  0 -3  5  9 0 0 1 1 0 0 0 1 0 0 1 1 0 0
2017  5 10 22 52 16 976528  -11.203750  -76.228910    5983  16.4  0 -3  4  6 0 0 1 0 0 0 1 1 0 0 1 0 0 0
2017  5 10 22  5 58 665757  -11.131340  -76.138890    3354  15.7  0  1  5 10 0 0 1 0 0 0 1 0 0 0 1 1 0 1
2017  5 10 22  6 32 835522  -11.329910  -76.159220    5465  12.5  0 -3  4  6 0 0 1 0 0 0 1 1 0 0 1 0 0 0
2017  5 10 23 40 41 106111  -10.133400  -75.790250    3315   3.0  0  0  4  6 0 0 1 0 0 0 1 0 0 0 0 1 0 1
2017  5 10 23 46 47 491734  -11.186120  -76.007200    4421   2.0  0 -2  4  6 0 0 1 1 0 0 0 0 1 0 1 0 0 0
2017  5 10  4 59 35  15604  -10.167680  -75.166920    7186  19.7  0  2  5  8 0 0 0 1 0 0 1 1 1 0 1 0 0 0
2017  5 10  5 23 15 544445  -10.222940  -75.183870    3819   3.3  0 -3  5  8 0 0 0 1 0 0 0 1 1 0 1 1 0 0
2017  5 10  6 47 49 601637  -10.197650  -76.078810    7574   8.4  0 -1  4  6 0 0 0 1 0 0 1 1 0 0 1 0 0 0
2017  5 10  7 12 20 534832  -10.060010  -75.259410    2900  17.5  0 -2  7 18 0 0 1 1 0 0 0 1 1 0 1 1 0 1
2017  5 10  7 32 47 960495  -10.291180  -75.960550    7208  18.7  0 -1  5 10 0 0 0 1 0 0 1 1 1 0 1 0 0 0
2017  5 10  7 34 18 151882  -11.265850  -75.494270    6797   6.1  0  2  4  6 0 0 0 1 0 0 1 1 0 0 1 0 0 0
2017  5 10  7 52 44 775093  -11.180530  -76.397600    7230   6.8  0  1  4  6 0 0 0 1 0 0 1 1 0 0 1 0 0 0
2017  5 10  8 13 42 637604  -11.473000  -75.122890    6289   1.2  0  0  4  6 0 0 0 1 0 0 1 1 0 0 1 0 0 0
2017  5 10  8 23 49 888056  -11.447060  -75.003590    7830  13.7  0  0  4  6 0 0 0 1 0 0 1 1 0 0 1 0 0 0
2017  5 10  8 28  3 555132  -11.504830  -75.130390    8029  14.5  0  0  4  6 0 0 0 1 0 0 1 1 0 0 1 0 0 0
2017  5 10  8 35 15 835914  -10.192580  -75.024050    6142  19.5  0  1  5  8 0 0 1 1 0 0 1 1 0 0 1 0 0 0
2017  5 10  8 41 59   6598  -11.597010  -76.287130   13070  12.6  0  2  5  9 0 0 0 1 0 0 1 1 1 0 0 0 0 1
2017  5 10  8 44 37 407361  -11.382990  -75.861140    6577   2.0  0  2  4  6 0 0 0 1 0 0 1 1 0 0 1 0 0 0
2017  5 10  8 56 38 133294  -10.496580  -76.463540    7075   3.6  0  0  4  6 0 0 0 1 0 0 1 1 0 0 1 0 0 0
2017  5 10  8 56 38 250168  -10.494330  -76.472150    7066   3.4  0 -2  4  6 0 0 0 1 0 0 1 1 0 0 1 0 0 0
2017  5 10  9 12 34  66053  -11.578850  -75.338700    8531  16.6  0  1  4  6 0 0 0 1 0 0 1 1 0 0 1 0 0 0
2017  5 10  9 14 17 838444  -11.723310  -75.912130   15006  13.5  0  2  5  7 0 0 0 1 0 0 1 1 1 0 0 0 0 1
2017  5 10  9 14  9 669016  -11.865660  -75.736240    7767  12.2  0  1  4  6 0 0 0 1 0 0 1 1 0 0 1 0 0 0
2017  5 10  9  6 33 351236  -11.436520  -75.053190    6469   4.7  0 -2  4  6 0 0 0 1 0 0 1 1 0 0 1 0 0 0
2017  5 10  9  8  6  61270  -11.970240  -75.126070    6700   7.5  0  0  4  6 0 0 0 1 0 0 1 1 0 0 1 0 0 0
2017  5 10  9  9 30  33273  -10.730990  -75.104290    6730   4.6  0  0  4  6 0 0 0 1 0 0 0 1 1 0 1 0 0 0
2017  5 11 10 14 43 184184  -11.745420  -76.870150    7327   7.2  0  0  4  6 0 0 0 1 0 0 1 1 0 0 1 0 0 0
2017  5 11 10 59 16 939281  -10.481670  -76.255120   10024  19.8  0 -3  4  6 0 0 0 1 0 0 1 1 0 0 1 0 0 0
2017  5 11 18 27 24 212636  -10.834040  -76.428830    3566   7.5  0 -1  4  6 0 0 1 0 0 0 0 1 0 0 1 1 0 0
2017  5 11 19 25  2 854411  -10.977870  -76.028200    6323  19.0  0 -2  4  6 0 0 1 0 0 0 1 1 0 0 1 0 0 0
2017  5 11 19 44 37 704507  -10.734760  -76.861510    5088  18.5  0  0  5  9 0 0 1 1 0 0 1 1 1 0 0 0 0 0
2017  5 11 19 47 15 625667  -10.908170  -76.164000    4455   3.7  0 -1  4  6 0 0 0 0 0 0 1 0 1 0 1 1 0 0
2017  5 11 20 30 22 144397  -10.417910  -76.731220    2915   6.1  0 -3  5 10 0 0 1 0 0 0 0 1 0 0 1 1 0 1
2017  5 11 20 46 38 417964  -11.099910  -76.205080    5992  16.7  0 -1  4  6 0 0 1 0 0 0 1 1 0 0 1 0 0 0
2017  5 11 20 52 52 629842  -10.828480  -76.298960    5414  11.7  0 -3  4  6 0 0 1 0 0 0 1 1 0 0 1 0 0 0
2017  5 11 21 13  6 144252  -11.557640  -75.882140    5793  15.8  0  0  4  6 0 0 1 0 0 0 1 1 0 0 1 0 0 0
2017  5 11 21 14 24 603226  -11.682810  -75.861500    3846  12.0  0  2  4  6 0 0 1 0 0 0 0 1 0 0 1 1 0 0
2017  5 11 21 18 27 537466  -11.750080  -75.575100    4971  11.5  0 -1  4  6 0 0 1 0 0 0 0 1 1 0 0 0 0 1
2017  5 11 21 20 19 287516  -10.895840  -76.074550    4914   6.4  0 -3  4  6 0 0 1 0 0 0 1 1 0 0 1 0 0 0
2017  5 11 21 26 22 888568  -11.818670  -75.768660    6181  19.5  0 -1  4  6 0 0 1 0 0 0 1 1 0 0 1 0 0 0
2017  5 11 21 31 34 221952  -10.946690  -76.200210    3123  11.6  0 -2  5 10 0 0 1 0 0 0 0 1 0 0 1 1 0 1
2017  5 11 21 35  1  39809  -11.703060  -75.841790    5947  17.2  0  0  4  6 0 0 1 0 0 0 1 1 0 0 1 0 0 0
2017  5 11 21 46 56  14508  -11.780170  -75.641470    5306  12.4  0 -2  4  6 0 0 1 0 0 0 1 1 0 0 1 0 0 0
2017  5 11 21 50 42 381319  -11.714960  -75.732380    4800   6.8  0 -1  4  6 0 0 1 0 0 0 1 1 0 0 1 0 0 0
2017  5 11 21 58 45 606745  -11.708410  -75.789130    6015  17.8  0  0  4  6 0 0 1 0 0 0 1 1 0 0 1 0 0 0
2017  5 11 21 58 45 695262  -11.695830  -75.804730    6049  18.0  0 -1  4  6 0 0 1 0 0 0 1 1 0 0 1 0 0 0
2017  5 11 21  3 28 337418  -11.498560  -76.076070    5544  13.6  0 -1  4  6 0 0 1 0 0 0 1 1 0 0 1 0 0 0
2017  5 11 21  3 28 489306  -11.499580  -76.068110    5542  13.6  0 -2  4  6 0 0 1 0 0 0 1 1 0 0 1 0 0 0
2017  5 11 22 10 28 826485  -11.855380  -75.560930    4920  15.8  0 -1  4  6 0 0 0 0 0 0 1 1 0 0 1 1 0 0
2017  5 11 22 13 38 726315  -11.770860  -75.665000    5190  11.3  0 -1  4  6 0 0 1 0 0 0 1 1 0 0 1 0 0 0
2017  5 11 22 13 38 926270  -11.796400  -75.678570    5227  11.6  0  1  4  6 0 0 1 0 0 0 1 1 0 0 1 0 0 0
2017  5 11 22 15  3 998562  -11.765030  -75.661380    5279  12.0  0  0  4  6 0 0 1 0 0 0 1 1 0 0 1 0 0 0
2017  5 11 22 16 21 229125  -11.713390  -75.775730    5877  16.8  0  0  4  6 0 0 1 0 0 0 1 1 0 0 1 0 0 0
2017  5 11 22 16 30 144220  -11.709970  -75.762880    7439   3.5  0  1  4  6 0 0 0 0 0 0 1 1 0 0 1 0 0 1
2017  5 11 22 18 59 617663  -11.756480  -75.617580    5129  10.8  0 -1  4  6 0 0 1 0 0 0 1 1 0 0 1 0 0 0
2017  5 11 22 19 37 864343  -11.759830  -75.582820    4716   6.0  0 -2  4  6 0 0 1 0 0 0 1 1 0 0 1 0 0 0
2017  5 11 22 19  0 368475  -11.797540  -75.617320    5246  11.8  0  0  4  6 0 0 1 0 0 0 1 1 0 0 1 0 0 0
2017  5 11 22 27  7 333470  -11.728750  -75.645550    5780  16.2  0 -2  4  6 0 0 1 0 0 0 1 1 0 0 1 0 0 0
2017  5 11 22 34 28 202147  -11.769040  -75.657030    4594  18.8  0 -3  5 10 0 0 1 1 0 0 1 1 0 0 1 0 0 0
2017  5 11 22 37 25 387877  -11.689660  -75.664540    5997  17.7  0  0  4  6 0 0 1 0 0 0 1 1 0 0 1 0 0 0
2017  5 11 22 52 19 405473  -11.720930  -75.564800    5108  10.3  0  1  4  6 0 0 1 0 0 0 1 1 0 0 1 0 0 0
2017  5 11 22  4  2 879442  -11.851530  -75.371710    4719  12.9  0 -3  4  6 0 0 1 0 0 0 1 0 0 0 1 0 0 1
2017  5 11 22  6 38 570977  -11.779210  -75.542180    5586  14.8  0 -2  4  6 0 0 1 0 0 0 1 1 0 0 1 0 0 0
2017  5 11 22  6 41  98140  -10.782710  -76.218990    2910  16.7  0 -1  6 15 0 0 1 1 0 0 0 1 0 0 1 1 0 1
2017  5 11 22  8 47 911346  -11.782200  -75.546750    5522  14.3  0  0  4  6 0 0 1 0 0 0 1 1 0 0 1 0 0 0
2017  5 11  0 20 45  66067  -10.895080  -76.323010    3037  10.9  0  0  5 10 0 0 1 1 0 0 0 1 0 0 1 1 0 0
2017  5 11  0 44 56 670421  -10.531120  -76.602280    5193   8.2  0 -2  4  6 0 0 1 1 0 0 1 1 0 0 0 0 0 0
2017  5 11  1 20  2 636050  -10.467120  -76.564500    6326  17.8  0  0  4  6 0 0 1 0 0 0 1 1 0 0 1 0 0 0
2017  5 11  1 29  4 486238  -10.384910  -76.530690    4857  17.6  0  0  4  6 0 0 1 0 0 0 0 0 1 0 1 1 0 0
2017  5 11  1  1 31 374243  -10.441010  -76.591170    3042  16.7  0 -1  6 13 0 0 1 1 0 0 1 1 0 0 1 1 0 0
2017  5 11  1  2 46 398942  -10.367890  -76.427890    3660  19.8  0 -3  5 10 0 0 1 0 0 0 1 1 0 0 1 1 0 0
2017  5 11  2 17 51 343091  -10.656320  -76.121540    4204  15.4  0 -1  5 10 0 0 1 0 0 0 0 1 1 0 1 0 0 1
2017  5 11  2  9 24 565711  -10.699970  -76.069830    3135   7.1  0 -2  6 15 0 0 1 1 0 0 0 1 1 0 1 0 0 1
2017  5 11  6 59 15 603406  -10.543290  -75.071440    4292  13.9  0 -3  5  9 0 0 1 1 0 0 1 0 1 0 1 0 0 0
2017  5 11  9 35  1 136702  -11.294010  -75.225980   13462   3.9  0  0  4  6 0 0 0 0 0 0 1 1 1 0 1 0 0 0
2017  5 11  9 39 30 410188  -11.360160  -75.099220    7221   8.3  0  0  4  6 0 0 0 1 0 0 0 1 1 0 1 0 0 0
2017  5 11  9 49  2 831544  -11.062980  -75.008450   14883  10.2  0  1  4  6 0 0 0 0 0 0 1 1 1 0 1 0 0 0
2017  5 11  9  9  1 885461  -11.456380  -75.006030    5156  10.0  0  1  4  6 0 0 1 1 0 0 0 1 1 0 0 0 0 0
2017  5 12 18 35 50 882385  -11.833880  -75.277370   10769   1.8  0 -3  4  6 0 0 0 1 0 0 1 1 0 0 0 0 0 1
2017  5 12 18 42  0 698993  -11.530750  -75.800930    5568  14.7  0 -2  4  6 0 0 1 1 0 0 1 1 0 0 0 0 0 0
2017  5 12 18 43 50 355710  -11.857120  -75.064020    3875   1.9  0 -1  4  6 0 0 1 0 0 0 1 0 0 0 1 0 0 1
2017  5 12 19 43 18 273694  -11.595470  -76.072330    7394   9.3  0 -3  4  6 0 0 0 1 0 0 1 1 0 0 1 0 0 0
2017  5 12 20 34 32  56858  -10.950800  -75.931240    3660   6.2  0  0  4  6 0 0 1 0 0 0 1 0 0 0 1 1 0 0
2017  5 12 20  3 36 284745  -10.649950  -75.985100    3975  11.3  0 -2  5 10 0 0 1 0 0 0 1 0 1 0 1 0 0 1
2017  5 12 20  3 36 374655  -10.604510  -76.108760    5065   1.0  0  0  4  6 0 0 1 0 0 0 1 0 1 0 1 0 0 0
2017  5 12 21 29 55  86855  -10.223300  -76.710190    4424   1.2  0  3  4  6 0 0 1 1 0 0 0 0 1 0 1 0 0 0
2017  5 12 21 42  8 387934  -10.038440  -76.692050    6111  14.9  0  2  4  6 0 0 1 0 0 0 1 0 1 0 1 0 0 0
2017  5 12 22 28 30 202625  -11.025740  -76.391550    3493   7.4  0  1  4  6 0 0 1 0 0 0 1 0 0 0 0 1 0 1
2017  5 12 22 31 44 764108  -10.958720  -76.542080    4076   1.3  0 -3  4  6 0 0 1 0 0 0 1 0 0 0 1 0 0 1
2017  5 12 23 18 59 638165  -10.303420  -76.853530    4312  18.3  0  0  5  8 0 0 0 0 0 0 1 0 1 0 1 1 0 1
2017  5 12 23 19  0  47649  -10.341040  -76.968450    3884   9.3  0  0  4  6 0 0 1 0 0 0 1 0 0 0 1 1 0 0
2017  5 12  7 30 55 208361  -11.083080  -76.991540    8196  11.1  0 -1  4  6 0 0 0 1 0 0 1 1 0 0 1 0 0 0
2017  5 12  8 18 27 478744  -10.767730  -75.250500    5614   9.7  0  2  5 10 0 0 0 1 0 0 1 1 1 0 1 0 0 0
2017  5 12  9 31 48 498070  -10.695900  -76.519530    8092  11.1  0 -1  4  6 0 0 0 1 0 0 1 1 0 0 1 0 0 0
2017  5 13 21 37 50 284597  -10.776650  -76.227230    4478   6.5  0 -3  4  6 0 0 1 1 0 0 1 0 0 0 1 0 0 0
2017  5 13 21 37 50  81714  -10.761680  -76.233680    4360   4.6  0 -2  4  6 0 0 1 1 0 0 1 0 0 0 1 0 0 0
2017  5 14 10 50 54 623710  -10.076350  -75.176960    5271  15.8  0  0  4  6 0 0 1 0 0 0 1 0 0 0 1 0 0 1
2017  5 14 12 23 15 178326  -10.395490  -75.063540    3836   3.9  0 -2  5  7 0 0 1 1 0 0 1 0 1 0 0 0 0 1
2017  5 14 12 45 57 725765  -10.481330  -75.024650    4035  19.1  0 -3  6 11 0 0 1 1 0 0 1 0 1 0 1 0 0 1
2017  5 14 12 52 35  90261  -10.314890  -75.619900    5533  15.8  0  1  4  6 0 0 1 1 0 0 1 0 1 0 0 0 0 0
2017  5 14 18 55 52 400962  -10.315710  -76.460990   15886  13.9  0 -3  4  6 0 0 0 1 0 0 1 0 1 0 0 0 0 1
2017  5 14 21 42 44  92797  -10.705780  -76.548000    4225   4.5  0 -3  4  6 0 0 1 0 0 0 1 0 0 0 1 0 0 1
2017  5 14  8 47 48 192134  -10.011690  -75.031520    6700   3.5  0 -3  4  6 0 0 1 1 0 0 0 0 0 0 1 0 0 1
2017  5 15 17 20  2 793057  -11.089950  -75.651730    4260   6.9  0  1  4  6 0 0 1 0 0 0 1 0 0 0 1 0 0 1
2017  5 15 17 25 51 712986  -11.125730  -75.361070    5518  12.6  0  1  4  6 0 0 1 0 0 0 1 0 1 0 1 0 0 0
2017  5 15 17 36 20 418557  -11.260080  -75.217760    4119  18.3  0  1  5 10 0 0 1 1 0 0 1 0 0 0 1 0 0 1
2017  5 15 17 36 20 433455  -11.248320  -75.351660    8055   3.3  0  2  4  6 0 0 0 0 0 0 1 0 1 0 1 0 0 1
2017  5 15 18 36 30 386123  -11.110900  -76.673350    3994   9.4  0  1  5  9 0 0 1 1 0 0 1 0 1 0 1 0 0 0
2017  5 15 18 48  4 805915  -10.726100  -76.187370    4762  19.0  0 -1  5  9 0 0 1 1 0 0 0 0 1 0 1 0 0 1
2017  5 15 18 48  4 957448  -10.731080  -76.085660    4239   7.0  0 -2  5  7 0 0 1 0 0 0 1 0 1 0 1 0 0 1
2017  5 15 18 50 39 605865  -10.732140  -76.158160    3842   8.5  0 -3  5 10 0 0 1 1 0 0 1 0 1 0 1 0 0 0
2017  5 15 19 14 39 205873  -11.936610  -75.266780    4497   3.4  0 -1  4  6 0 0 1 1 0 0 1 0 1 0 0 0 0 0
2017  5 15 19 22 54  77745  -10.890480  -75.645160    3843   9.1  0  0  5 10 0 0 1 1 0 0 1 0 1 0 1 0 0 0
2017  5 15 20 12 21 419212  -11.606280  -76.101130    4550  18.8  0  0  5 10 0 0 1 1 0 0 1 0 1 0 1 0 0 0
2017  5 15 20 30 42 864178  -11.663500  -75.985820    5006  14.7  0  0  4  6 0 0 1 0 0 0 1 0 0 0 1 0 0 1
2017  5 15 20 30 54 715014  -10.501320  -76.741240    4425   4.2  0  0  4  6 0 0 1 1 0 0 1 0 0 0 1 0 0 0
2017  5 15 20 33  7 961592  -10.267860  -76.716060    9285  18.3  0  1  4  6 0 0 0 1 0 0 1 0 1 0 1 0 0 0
2017  5 15 20 47 28 334919  -10.804070  -76.057820    3469   7.1  0 -3  4  6 0 0 1 0 0 0 1 0 0 0 0 1 0 1
2017  5 15 20 48 10 105867  -10.304980  -76.049520    5320  11.6  0  3  4  6 0 0 1 1 0 0 1 0 1 0 0 0 0 0
2017  5 15 20 55 49 638748  -11.079520  -76.553220    4976  11.4  0 -3  4  6 0 0 1 1 0 0 1 0 0 0 1 0 0 0
2017  5 15 20 57 34  61695  -10.559000  -75.650330    5574  15.4  0  3  4  6 0 0 1 1 0 0 1 0 1 0 0 0 0 0
2017  5 15 21 13  7 544442  -11.117810  -76.447400    5362  19.0  0  0  5  8 0 0 1 1 0 0 1 0 1 0 1 0 0 0
2017  5 15 21 13  7 566546  -11.204690  -76.356610    2993   9.7  0  2  5 10 0 0 1 1 0 0 0 0 0 0 1 1 0 1
2017  5 15 21 13  7 896741  -11.169240  -76.391710    5303  14.3  0 -3  4  6 0 0 1 1 0 0 1 0 0 0 1 0 0 0
2017  5 15 21 13  7 970879  -11.202580  -76.288930    3519   1.3  0 -1  4  6 0 0 1 0 0 0 1 0 0 0 1 1 0 0
2017  5 15 21 21  9 896877  -10.225890  -76.578290    3362   5.4  0 -1  4  6 0 0 1 1 0 0 1 0 0 0 0 1 0 0
2017  5 15 21 42 38 512349  -11.829370  -75.847960    5249  11.7  0  1  5  8 0 0 0 1 0 0 1 0 1 0 0 1 0 1
2017  5 15 21  4  2 585866  -10.532000  -75.818080    5940  18.8  0 -2  4  6 0 0 1 1 0 0 1 0 0 0 1 0 0 0
2017  5 15 21  5 39 571592  -10.586330  -75.372270    4235  18.4  0 -1  4  6 0 0 1 0 0 0 1 0 0 0 0 1 0 1
2017  5 15 21  6 43 748892  -11.171230  -76.372340    4206   2.1  0 -1  4  6 0 0 1 1 0 0 1 0 0 0 1 0 0 0
2017  5 15 21  8 30 949609  -10.473020  -75.869070    7755  11.8  0  2  4  6 0 0 0 1 0 0 1 0 1 0 1 0 0 0
2017  5 15 21  9 51 428113  -10.831070  -76.126240    3975  14.6  0  0  4  6 0 0 1 0 0 0 1 0 0 0 0 1 0 1
2017  5 15 22 28 45 910397  -10.521960  -75.937030    4891  11.8  0 -2  4  6 0 0 1 0 0 0 1 0 1 0 0 0 0 1
2017  5 15 22 43 30 230488  -10.330800  -75.231260    3503   5.2  0 -2  4  6 0 0 1 0 0 0 0 0 1 0 0 1 0 1
2017  5 15  9  0 34 487845  -11.140310  -76.386900    9157   9.3  0  2  4  6 0 0 0 0 0 0 1 0 1 0 1 0 0 1
2017  5 16 12 42 44  32923  -10.389060  -76.897410   13700   6.5  0  2  4  6 0 0 0 1 0 0 1 0 1 0 0 0 0 1
2017  5 16 14 14 54 644300  -10.173260  -75.020320    3076   7.0  0 -3  5  9 0 0 1 0 0 0 1 0 1 0 0 1 0 1
2017  5 16 14  4  3   9772  -10.392950  -75.083910    2790   4.3  0 -3  5 10 0 0 1 1 0 0 1 0 0 0 0 1 0 1
2017  5 16 14  5 39  56971  -10.275490  -75.050630    3321  13.8  0  2  5  9 0 0 1 1 0 0 1 0 1 0 0 1 0 0
2017  5 16  0 32 50 377742  -10.607940  -75.000480    5130  16.2  0  0  4  6 0 0 1 0 0 0 1 0 1 0 0 0 0 1
2017  5 16  0 36 51 814702  -10.459480  -75.393520    2967   5.2  0  3  5  9 0 0 1 1 0 0 1 0 0 0 0 1 0 1
2017  5 16  1 19  7 561782  -10.742480  -75.127190    6719  19.2  0 -1  4  6 0 0 0 0 0 0 1 0 1 0 0 1 0 1
2017  5 16  1 19  7 599002  -10.744900  -75.129080    6631  18.8  0 -1  4  6 0 0 0 0 0 0 1 0 1 0 0 1 0 1
2017  5 16  1 22 43   7501  -10.659290  -75.105480    4068  15.2  0  0  4  6 0 0 1 0 0 0 0 0 1 0 0 1 0 1
2017  5 16  1 47 24 253424  -10.552980  -75.017350    3239  14.9  0 -1  5 10 0 0 1 0 0 0 1 0 1 0 0 1 0 1
2017  5 16  1 51 28 730074  -10.500140  -75.210470    4672  11.3  0  0  4  6 0 0 1 1 0 0 1 0 0 0 0 0 0 1
2017  5 16  1 53 58 435271  -10.560610  -75.160300    4847  19.5  0 -3  4  6 0 0 1 0 0 0 1 0 1 0 0 1 0 0
2017  5 16  1 53 58 454534  -10.581660  -75.126000    4333  18.6  0 -2  4  6 0 0 1 0 0 0 0 0 1 0 0 1 0 1
2017  5 16  1 53 58 492046  -10.568870  -75.078830    3251   0.8  0 -3  4  6 0 0 1 0 0 0 1 0 0 0 0 1 0 1
2017  5 16  2 14  6 396341  -10.558470  -75.181420    3464   7.7  0  3  4  6 0 0 1 0 0 0 1 0 0 0 0 1 0 1
2017  5 16  2 38 27 248675  -10.525170  -75.245870    3470   7.6  0  0  4  6 0 0 1 0 0 0 1 0 0 0 0 1 0 1
2017  5 16  2 38 27 352594  -10.520330  -75.272060    3033   3.1  0 -3  5  7 0 0 1 1 0 0 1 0 0 0 0 1 0 1
2017  5 16  2  3 49  84189  -11.336470  -75.168580    4091  11.4  0  3  5  7 0 0 1 0 0 0 1 0 1 0 0 1 0 1
2017  5 16  3 26 35 783987  -10.525410  -75.016720    3133  11.0  0  2  5 10 0 0 1 0 0 0 1 0 1 0 0 1 0 1
2017  5 16  3 33 24 126125  -10.543440  -75.070650    3410   6.6  0 -3  4  6 0 0 1 0 0 0 1 0 0 0 0 1 0 1
2017  5 16  3 33 24   6174  -10.620830  -75.303120    6875  19.7  0 -3  4  6 0 0 0 0 0 0 1 0 1 0 0 1 0 1
2017  5 16  3 33  3  75930  -10.364460  -75.933330    5946   6.1  0  2  4  6 0 0 0 1 0 0 0 0 1 0 0 1 0 1
2017  5 16  3  3 31 698469  -10.284280  -75.533770    3270   1.2  0  2  4  6 0 0 1 0 0 0 1 0 0 0 0 1 0 1
2017  5 16  4 30 33 304554  -10.444590  -75.097450    3395   6.2  0  2  4  6 0 0 1 0 0 0 1 0 0 0 0 1 0 1
2017  5 16  4 45 39 129939  -10.523970  -75.190650    3462  14.9  0 -1  5  8 0 0 1 0 0 0 1 0 1 0 0 1 0 1
2017  5 16  4  9 58 163409  -10.470750  -75.141540    3298   3.5  0 -3  4  6 0 0 1 0 0 0 1 0 0 0 0 1 0 1
2017  5 16  5 56 49 834733  -10.747540  -75.286410    4161  19.0  0  1  5  7 0 0 1 0 0 0 1 0 1 0 0 1 0 1
2017  5 16  5  0 53 485203  -10.772030  -75.190200    3028   8.5  0  2  5 10 0 0 1 0 0 0 1 0 1 0 0 1 0 1
2017  5 16  5  3 33  21845  -10.426630  -75.127080    3286   7.6  0  2  4  6 0 0 1 1 0 0 0 0 0 0 0 1 0 1
2017  5 16  5  5 57 204583  -10.573310  -75.072240    3263  14.8  0  1  5 10 0 0 1 0 0 0 1 0 1 0 0 1 0 1
2017  5 17 10 10 10 111188  -10.054120  -75.122470    3930  11.4  0 -3  5 10 0 0 1 0 0 0 1 0 1 0 1 0 0 1
2017  5 17 10 24  7 125845  -10.000410  -75.286220    3589   9.6  0  1  5  7 0 0 1 0 0 0 1 0 1 0 1 1 0 0
2017  5 17 10 39 17  54445  -10.024460  -75.319630    5587  16.2  0  2  4  6 0 0 1 1 0 0 1 0 0 0 1 0 0 0
2017  5 17 11 16  6 492944  -10.154850  -75.055600    5083   3.8  0  1  4  6 0 0 1 0 0 0 1 0 1 0 1 0 0 0
2017  5 17 11  8 31 829461  -10.258390  -75.149570    2749   8.3  0 -2  6 15 0 0 1 0 0 0 1 0 1 0 1 1 0 1
2017  5 17 11  8 31 877754  -10.259940  -75.166130    3847   9.5  0  1  4  6 0 0 1 0 0 0 1 0 0 0 1 1 0 0
2017  5 17 12 25 16 301525  -10.101480  -76.335500    6821   2.7  0 -2  4  6 0 0 0 1 0 0 1 0 1 0 1 0 0 0
2017  5 17 12 30 33 620532  -10.162980  -76.260770    6850   4.0  0 -1  4  6 0 0 0 1 0 0 1 0 1 0 1 0 0 0
2017  5 17 13 12 18 560869  -10.075110  -76.535220    7096   5.9  0  2  4  6 0 0 0 1 0 0 1 0 1 0 1 0 0 0
2017  5 17 13 37 18 635132  -10.090430  -75.208790    6496   1.9  0  3  4  6 0 0 0 1 0 0 1 0 1 0 1 0 0 0
2017  5 17 13  3 44 645495  -10.254780  -76.860750    6624  14.6  0  0  5 10 0 0 0 1 0 0 1 0 1 0 1 0 0 1
2017  5 17 15 17  4 132379  -10.030840  -75.007680    3485   6.5  0  3  4  6 0 0 1 0 0 0 0 0 0 0 1 1 0 1
2017  5 17 17 24 55 868846  -10.954100  -76.779640   13035   1.4  0  3  4  6 0 0 0 1 0 0 1 0 1 0 0 0 0 1
2017  5 17 17 37 11 284863  -10.066780  -76.586810    3124   8.3  0 -3  5 10 0 0 1 0 0 0 1 0 1 0 0 1 0 1
2017  5 17 18 21 53 549837  -11.480430  -75.888840    5801  19.0  0 -2  4  6 0 0 1 1 0 0 1 0 0 0 1 0 0 0
2017  5 17 18 47  7 566575  -11.292600  -75.952840    5482  11.8  0 -1  4  6 0 0 1 0 0 0 1 0 1 0 1 0 0 0
2017  5 17 19 11 27 827782  -10.660820  -76.178720    5508  10.4  0 -1  4  6 0 0 1 0 0 0 1 0 1 0 1 0 0 0
2017  5 17 19 11 27 853819  -10.727010  -76.128200    3064  18.7  0  0  6 15 0 0 1 1 0 0 0 0 1 0 1 1 0 1
2017  5 17 19 22 27 577141  -11.309300  -75.997310    4916  15.2  0  1  5  9 0 0 0 1 0 0 1 0 1 0 0 1 0 1
2017  5 17 19 22 27 599852  -11.298430  -76.162220    3926  11.5  0 -1  5  9 0 0 1 1 0 0 1 0 1 0 0 0 0 1
2017  5 17 19 26 19 495295  -10.821900  -75.725640    3950  10.6  0 -3  4  6 0 0 1 0 0 0 1 0 0 0 1 1 0 0
2017  5 17 20 36 53 578848  -11.150400  -75.554860    4439   9.3  0  2  4  6 0 0 1 0 0 0 1 0 0 0 1 0 0 1
2017  5 17 20 48 36 961836  -10.621690  -76.560520    4400  14.0  0  0  5  9 0 0 1 1 0 0 1 0 1 0 1 0 0 0
2017  5 17 20 51 47 734463  -10.664110  -76.391250    3513  16.0  0 -2  6 15 0 0 1 1 0 0 1 0 1 0 1 0 0 1
2017  5 17 20  4 56 565471  -11.248160  -75.162970    4051  12.0  0 -2  5  9 0 0 0 0 0 0 1 0 1 0 1 1 0 1
2017  5 17 20  8 19 167736  -11.466700  -75.354790    3094  10.9  0  0  6 11 0 0 1 0 0 0 1 0 1 0 1 1 0 1
2017  5 17 20  8 43 104647  -11.227840  -75.540450    4340  15.2  0 -2  4  6 0 0 1 0 0 0 1 0 0 0 1 1 0 0
2017  5 17 20  8 43 128141  -11.229500  -75.538350    4392  15.8  0 -1  4  6 0 0 1 0 0 0 1 0 0 0 1 1 0 0
2017  5 17 21 14  5  11631  -10.954710  -75.833510    4016  18.9  0 -3  5  7 0 0 1 0 0 0 1 0 1 0 0 1 0 1
2017  5 17 21 18 47 904261  -10.435750  -76.996640   16657  14.1  0 -2  4  6 0 0 0 1 0 0 1 0 1 0 0 0 0 1
2017  5 17 21 46 51 472666  -10.007350  -76.633190    5511   8.4  0 -3  4  6 0 0 1 0 0 0 1 0 1 0 1 0 0 0
2017  5 17 21 51  1 259173  -10.919080  -75.892100    4441   8.6  0 -1  4  6 0 0 1 0 0 0 1 0 0 0 1 0 0 1
2017  5 17 22 16  0 626638  -11.005590  -75.950850    8213  14.3  0  0  4  6 0 0 0 1 0 0 0 0 1 0 1 0 0 1
2017  5 17 22 17 37 425385  -10.860790  -75.975820    4283  18.4  0 -2  5 10 0 0 1 1 0 0 1 0 0 0 1 0 0 1
2017  5 17 22 19 37 854075  -10.873690  -75.829510    5068  14.5  0 -3  4  6 0 0 1 0 0 0 1 0 0 0 1 0 0 1
2017  5 17 22 59 16 469604  -11.749550  -75.043010    3970   4.2  0 -3  4  6 0 0 1 0 0 0 1 0 0 0 1 0 0 1
2017  5 17 22  7 31 274606  -10.849320  -75.948320    2830  13.4  0 -2  6 15 0 0 1 1 0 0 1 0 0 0 1 1 0 1
2017  5 17 23 40 48 815526  -11.092370  -75.954930    4009   1.1  0 -3  4  6 0 0 1 0 0 0 1 0 0 0 1 0 0 1
2017  5 17 23  2 28 951843  -11.989450  -75.062940    4042  18.7  0 -3  5 10 0 0 1 1 0 0 1 0 0 0 1 0 0 1
2017  5 17  8  7 25 582204  -11.996120  -76.217180   15145  12.3  0  2  4  6 0 0 0 1 0 0 1 0 1 0 0 0 0 1
2017  5 17  9 49 31 729665  -10.255210  -75.855280    6820   5.0  0  2  4  6 0 0 0 1 0 0 1 0 1 0 1 0 0 0
2017  5 18 22 44 47 822248  -11.902670  -75.020010    2857   3.9  0  1  5 10 0 0 1 0 0 0 1 0 0 0 1 1 0 1
2017  5 18  8 39 56  29286  -10.139860  -76.805100    7383   8.0  0  0  4  6 0 0 0 1 0 0 1 0 1 0 1 0 0 0
2017  5 19 18 22  8 219041  -10.173410  -76.710110    3333  10.7  0 -2  5 10 0 0 1 0 0 0 1 0 1 0 1 1 0 0
2017  5 19 18 31 43  99843  -10.175550  -76.887360    3270   0.8  0 -1  4  6 0 0 1 1 0 0 0 0 0 0 1 1 0 0
2017  5 19 18 40 44 774625  -11.123430  -75.424750    4544   6.9  0 -1  4  6 0 0 0 0 0 0 1 0 1 0 1 1 0 0
2017  5 19 18 42 49 846537  -10.351900  -76.288940    3492  17.0  0 -2  5 10 0 0 1 0 0 0 1 0 1 0 0 1 0 1
2017  5 19 18 55 12 645983  -10.198150  -76.839310    6171  18.6  0 -3  4  6 0 0 1 1 0 0 1 0 0 0 1 0 0 0
2017  5 19 18 57 51 978098  -10.810980  -76.374640    4281  19.6  0  0  4  6 0 0 1 1 0 0 1 0 0 0 0 1 0 0
2017  5 19 19 41 18 288645  -10.748190  -76.360640    4599   7.6  0  2  4  6 0 0 1 1 0 0 1 0 0 0 1 0 0 0
2017  5 19 19 48 39 405626  -11.962900  -75.461430    2762   7.8  0 -1  6 15 0 0 1 0 0 0 1 0 1 0 1 1 0 1
2017  5 19 20 47 59 791947  -11.131770  -75.815340    3292   2.4  0 -1  4  6 0 0 1 0 0 0 1 0 0 0 0 1 0 1
2017  5 19 20 54 10  66816  -10.149890  -75.749010    4474   7.9  0  3  4  6 0 0 0 0 0 0 1 0 0 0 1 1 0 1
2017  5 19 20  0 20  14767  -10.012170  -76.652310    4392  15.5  0  3  4  6 0 0 1 0 0 0 1 0 0 0 1 1 0 0
2017  5 19 21 58 10 637042  -10.131050  -75.621480    4649  10.1  0 -2  4  6 0 0 0 0 0 0 1 0 0 0 1 1 0 1
2017  5 19 21  3 49 645442  -10.228950  -76.143420    3771  17.0  0 -1  5  9 0 0 1 0 0 0 1 0 1 0 1 1 0 0
2017  5 19 21  6  6 594642  -10.212750  -76.306500    3541   2.7  0 -1  4  6 0 0 1 0 0 0 1 0 0 0 1 1 0 0
2017  5 19 21  6  6 669285  -10.057300  -76.867870    8069  12.1  0 -3  4  6 0 0 0 1 0 0 1 0 1 0 1 0 0 0
2017  5 19 21  6  9  49280  -10.249130  -76.231510    3864   9.1  0 -3  4  6 0 0 1 0 0 0 1 0 0 0 1 1 0 0
2017  5 19 21  6  9  99240  -10.251510  -76.421330    3983  15.5  0 -1  4  6 0 0 1 1 0 0 0 0 0 0 1 1 0 0
2017  5 19 21  9 10 873595  -11.933630  -75.053180    5468  13.6  0 -3  4  6 0 0 1 0 0 0 1 0 1 0 1 0 0 0
2017  5 19 23 50 11 143363  -11.145180  -76.068820    2836  14.3  0 -1  6 15 0 0 1 1 0 0 1 0 0 0 1 1 0 1
2017  5 19 23 50 11 196355  -11.131230  -76.108370    3782  14.3  0  0  5  7 0 0 1 1 0 0 0 0 1 0 1 1 0 0
2017  5 19  2  5  5 680334  -10.190800  -75.100190    4086  15.4  0  1  4  6 0 0 1 0 0 0 0 0 0 0 1 1 0 1
2017  5 20 11 41  9 452891  -10.252430  -75.114160    3204   8.8  0  2  5 10 0 0 1 0 0 0 1 0 1 0 1 1 0 0
2017  5 20 12 27  1 698599  -10.394090  -75.040510    5161   6.5  0 -2  4  6 0 0 1 0 0 0 1 0 1 0 1 0 0 0
2017  5 20 13 12 46 469701  -10.541350  -75.008720    4962  12.4  0  0  4  6 0 0 1 1 0 0 1 0 0 0 1 0 0 0
2017  5 20 13 53 27 571729  -10.129780  -75.004980    4347   1.7  0 -2  4  6 0 0 1 0 0 0 1 0 1 0 0 0 0 1
2017  5 20 13 58 23 384608  -10.098330  -75.155740    4064   1.7  0  2  4  6 0 0 1 0 0 0 1 0 0 0 1 0 0 1
2017  5 20 14 19 58 724434  -10.223150  -75.009430    2811  18.7  0  0  7 21 0 0 1 1 0 0 1 0 1 0 1 1 0 1
2017  5 20 14 23 28 590715  -10.095770  -75.080940    3616   5.8  0 -3  4  6 0 0 1 0 0 0 1 0 0 0 1 1 0 0
2017  5 20 14 28 31 355103  -10.118430  -75.275920    4175   1.9  0 -2  4  6 0 0 0 1 0 0 0 0 0 0 1 1 0 1
2017  5 20 14 53  7 269052  -10.119130  -75.225370    5411   8.0  0  0  5  9 0 0 0 1 0 0 1 0 1 0 1 0 0 1
2017  5 20 15 50 59 885307  -10.165290  -75.013650    3553  10.4  0  3  4  6 0 0 1 1 0 0 0 0 0 0 1 1 0 0
2017  5 20 17 22 50 457523  -10.641880  -75.609170   14818  12.8  0  3  4  6 0 0 0 1 0 0 1 0 1 0 0 0 0 1
2017  5 20 18 54 44 231668  -10.081740  -76.822270    7147  18.6  0  0  4  6 0 0 0 1 0 0 1 0 0 0 0 1 0 1
2017  5 20 18 54 59 883848  -11.610910  -75.932950    5147  15.8  0 -1  4  6 0 0 1 0 0 0 1 0 0 0 1 0 0 1
2017  5 20 19 11 59 303228  -11.754250  -76.042960    4921  12.4  0 -3  4  6 0 0 1 1 0 0 1 0 0 0 1 0 0 0
2017  5 20 19 24 20 333502  -11.691370  -75.774190    4576  11.0  0  1  4  6 0 0 1 0 0 0 1 0 0 0 1 0 0 1
2017  5 20 19 31  2 416742  -11.699860  -75.655660    4647  19.3  0  1  5  9 0 0 1 0 0 0 1 0 1 0 1 0 0 1
2017  5 20 19 41 38 163467  -11.078400  -76.066670    3881   9.5  0 -1  4  6 0 0 1 0 0 0 1 0 0 0 1 1 0 0
2017  5 20 19 56 30 348777  -10.295150  -76.821390    3187  19.0  0  0  6 15 0 0 1 1 0 0 1 0 1 0 1 1 0 0
2017  5 20 19  5 17 146865  -11.720110  -75.213360    4883  11.7  0 -3  4  6 0 0 0 0 0 0 1 0 0 0 1 1 0 1
2017  5 20 20 20 21 113658  -10.892600  -76.282040    3458  18.0  0 -2  5 10 0 0 1 0 0 0 1 0 0 0 1 1 0 1
2017  5 20 20 34 13 131068  -11.114370  -75.854260    4346  19.4  0 -3  4  6 0 0 1 0 0 0 1 0 0 0 0 1 0 1
2017  5 20 21  0 18 769666  -10.907310  -76.426160    5343   8.1  0  1  4  6 0 0 1 0 0 0 1 0 1 0 1 0 0 0
2017  5 20  4  0 53 920103  -10.398200  -75.048250    4895  19.4  0  1  4  6 0 0 1 0 0 0 0 0 1 0 1 1 0 0
2017  5 20  8 12  5 132565  -10.099710  -75.080250    3520   9.7  0  1  4  6 0 0 1 1 0 0 0 0 0 0 1 1 0 0
2017  5 20  8 40  5 502455  -11.790660  -76.750750    9336  19.8  0  0  4  6 0 0 0 1 0 0 1 0 1 0 1 0 0 0
2017  5 20  9 26  5 477679  -11.506430  -76.652060   10249  14.6  0 -1  4  6 0 0 0 0 0 0 1 0 1 0 1 0 0 1
2017  5 20  9 30 13 494153  -11.116260  -76.997340    8002  12.2  0  0  4  6 0 0 0 1 0 0 1 0 1 0 1 0 0 0
2017  5 21 10  9 39 164732  -10.330720  -75.518050    8461   6.8  0  0  4  6 0 0 0 0 0 0 1 0 1 0 1 0 0 1
2017  5 21  6 13 23 619525  -11.065710  -76.743840    9659  11.6  0  0  4  6 0 0 0 0 0 0 1 0 1 0 1 0 0 1
2017  5 21  6 14 32 931682  -11.877030  -76.764220    9999  13.5  0  1  4  6 0 0 0 0 0 0 1 0 1 0 1 0 0 1
2017  5 21  6 38 28 151610  -10.042800  -75.055380    9201  15.2  0  0  4  6 0 0 1 1 0 0 0 0 0 0 1 0 0 1
2017  5 21  6 38 28 164728  -10.001950  -75.029910    3500  12.3  0  0  5  9 0 0 1 0 0 0 0 0 1 0 1 1 0 1
2017  5 21  6 46 45 117831  -10.030500  -75.024510    2795  19.8  0 -2  7 20 0 0 1 1 0 0 1 0 1 0 1 1 0 1
2017  5 21  6 46 45  67167  -10.038050  -75.027300    3057  19.6  0 -3  6 14 0 0 1 1 0 0 1 0 1 0 0 1 0 1
2017  5 21  6 49 20 449528  -10.054900  -75.059020    2936   8.2  0 -2  6 12 0 0 1 0 0 0 1 0 1 0 1 1 0 1
2017  5 21  6 56 35 247041  -10.057080  -75.032550    2797  15.8  0 -2  7 18 0 0 1 1 0 0 1 0 1 0 1 1 0 1
2017  5 21  6 56 35 352148  -10.007160  -75.088240    4526   7.5  0 -2  4  6 0 0 1 0 0 0 0 0 1 0 1 0 0 1
2017  5 21  7 12 36 642653  -10.090150  -75.007240    4229   1.2  0  3  4  6 0 0 1 0 0 0 0 0 1 0 1 0 0 1
2017  5 21  7 24 35 165890  -10.086870  -75.080890    4615   9.2  0  2  4  6 0 0 1 0 0 0 0 0 1 0 1 0 0 1
2017  5 21  7 33  4 461520  -10.371080  -75.031450    3245   3.5  0 -2  4  6 0 0 1 1 0 0 0 0 0 0 1 1 0 0
2017  5 21  7 38 12 923473  -10.197010  -75.016380    4225  17.6  0 -3  5 10 0 0 1 1 0 0 0 0 1 0 1 0 0 1
2017  5 21  7 40 19 875599  -10.168520  -75.031990    2786  18.4  0 -2  7 19 0 0 1 1 0 0 1 0 1 0 1 1 0 1
2017  5 21  8 48  7 671059  -10.561090  -76.194340    8927   8.4  0  0  4  6 0 0 0 0 0 0 1 0 1 0 1 0 0 1
2017  5 21  8 53 13 831193  -11.594560  -75.297330    9455  14.2  0  0  4  6 0 0 0 0 0 0 1 0 1 0 1 0 0 1
2017  5 21  8 57 14 348751  -10.964740  -75.397210    8651   8.9  0  0  4  6 0 0 0 0 0 0 1 0 1 0 1 0 0 1
2017  5 21  9 10  2 974200  -10.033910  -75.271860    5161  15.2  0 -1  4  6 0 0 0 0 0 0 1 0 1 0 1 1 0 0
2017  5 21  9  5 21 564306  -10.099810  -75.733570    9636  13.3  0  0  4  6 0 0 0 0 0 0 1 0 1 0 1 0 0 1
2017  5 22 14  1 42 835945  -10.296830  -76.690690   13551   6.2  0  3  4  6 0 0 0 1 0 0 1 0 1 0 0 0 0 1
2017  5 23 17 39 10 210687  -11.049150  -76.320880    3911   1.7  0 -2  5  7 0 0 1 0 0 0 1 0 1 0 1 0 0 1
2017  5 23 17 40  6 497844  -11.014530  -76.181750    4179   4.7  0 -1  4  6 0 0 1 0 0 0 1 0 0 0 1 0 0 1
2017  5 23 17 41 26 808549  -11.383170  -76.515820    4121  16.9  0 -1  4  6 0 0 1 1 0 0 0 0 0 0 1 1 0 0
2017  5 23 17 46 59 344073  -11.105450  -76.158040    4065  14.8  0 -3  4  6 0 0 1 0 0 0 0 0 0 0 1 1 0 1
2017  5 23 18 36 33 897964  -11.290960  -76.470350    6045  19.8  0  0  4  6 0 0 1 1 0 0 1 0 0 0 1 0 0 0
2017  5 23 18 50  1  69376  -11.564710  -75.876930    3152  17.7  0  0  6 14 0 0 1 0 0 0 1 0 1 0 1 1 0 1
2017  5 23 18  6  8 347780  -11.320680  -76.163040    7751  12.5  0  0  4  6 0 0 0 1 0 0 1 0 1 0 1 0 0 0
2017  5 23 18  7 48 983199  -11.762780  -75.836940    5472  17.1  0  0  4  6 0 0 1 1 0 0 1 0 0 0 1 0 0 0
2017  5 23 19 14 25  74708  -11.621040  -75.785190    3166   4.4  0  1  5  9 0 0 1 0 0 0 1 0 1 0 1 1 0 0
2017  5 23 19 15 48  53315  -11.594120  -75.975110    3137   5.2  0 -1  5 10 0 0 1 0 0 0 1 0 1 0 1 1 0 0
2017  5 23 19 22 42 628491  -11.688950  -75.777760    5141   7.7  0 -1  4  6 0 0 1 0 0 0 1 0 1 0 1 0 0 0
2017  5 23 19 22 42 988426  -11.688480  -75.791820    5118   7.2  0 -3  4  6 0 0 1 0 0 0 1 0 1 0 1 0 0 0
2017  5 23 19 24 23 731081  -11.714480  -75.716290    3157   9.8  0 -3  5 10 0 0 1 0 0 0 1 0 1 0 0 1 0 1
2017  5 23 19 28  6  51547  -11.538730  -75.742290    4167  13.3  0 -3  4  6 0 0 1 0 0 0 1 0 0 0 1 1 0 0
2017  5 23 19 40 20 278153  -11.654490  -75.938060    3738  12.8  0 -3  4  6 0 0 1 1 0 0 0 0 0 0 1 1 0 0
2017  5 23 19 43 32 798118  -10.265610  -75.141690    6580   3.3  0  1  4  6 0 0 0 1 0 0 1 0 1 0 1 0 0 0
2017  5 23 19 55 35 753725  -10.858820  -76.869420    3941  14.6  0 -1  4  6 0 0 1 1 0 0 0 0 0 0 1 1 0 0
2017  5 23 19 57 13   5416  -11.651040  -75.114340    4851   5.8  0 -1  4  6 0 0 0 0 0 0 0 0 1 0 1 1 0 1
2017  5 23 20 48 47 676558  -11.450680  -75.734390    3275   6.9  0 -1  4  6 0 0 1 1 0 0 0 0 0 0 0 1 0 1
2017  5 23 20  9 32 323942  -10.198350  -75.179990    5694  13.4  0  1  4  6 0 0 1 0 0 0 1 0 1 0 1 0 0 0
2017  5 24 20 59 16 734023  -11.916510  -75.725120    4704  16.3  0  1  4  6 0 0 1 0 0 0 1 0 1 0 0 1 0 0
2017  5 24 22 27 11 984155  -11.692240  -75.226310    3364   4.5  0 -1  4  6 0 0 1 0 0 0 0 0 0 0 1 1 0 1
2017  5 24 23 28 51 966473  -10.853150  -76.553700    3608   5.9  0 -1  4  6 0 0 1 0 0 0 0 0 1 0 0 1 0 1
2017  5 24  6 19 48 351212  -11.295920  -76.936900    7473   8.5  0 -1  4  6 0 0 0 1 0 0 1 0 1 0 1 0 0 0
2017  5 24  8 43  5 119685  -10.269160  -75.408830    6936   7.9  0  0  4  6 0 0 0 1 0 0 1 0 1 0 1 0 0 0
2017  5 24  8 58 27 365905  -10.599390  -76.347240    7922  13.1  0 -1  4  6 0 0 0 1 0 0 1 0 1 0 1 0 0 0
2017  5 26 21 30  7 950741  -11.868840  -75.814890    4558   9.5  0 -1  4  6 0 0 1 1 0 0 1 0 0 0 1 0 0 0
2017  5 26 22  3 49  51450  -11.732030  -75.915790    4727  10.8  0 -1  4  6 0 0 1 1 0 0 1 0 0 0 1 0 0 0
2017  5 27 10 34 27 671307  -10.208660  -75.157840    4606   5.0  0 -1  4  6 0 0 1 1 0 0 1 0 1 0 0 0 0 0
2017  5 27 10 34 27 696683  -10.278370  -75.032590    3347  14.5  0  0  5  9 0 0 1 1 0 0 1 0 1 0 0 1 0 0
2017  5 27 10 54 24  78805  -10.098530  -75.022290    6011  19.6  0  0  4  6 0 0 1 1 0 0 1 0 0 0 1 0 0 0
2017  5 27 11 36 37 791543  -10.170050  -75.071060    4136  17.9  0 -1  4  6 0 0 1 1 0 0 0 0 1 0 0 1 0 0
2017  5 27 11 43 26 237210  -10.136920  -75.130060    3271  16.0  0 -3  5 10 0 0 1 1 0 0 1 0 1 0 0 1 0 0
2017  5 27 11 43 26 381259  -10.104070  -75.179550    5792  17.9  0  0  4  6 0 0 1 1 0 0 1 0 0 0 1 0 0 0
2017  5 27 11 43 26 491776  -10.173150  -75.067070    4013  14.7  0  1  5 10 0 0 1 0 0 0 1 0 1 0 1 0 0 1
2017  5 27 11 43 26  11559  -10.123920  -75.162540    5728  17.5  0  0  4  6 0 0 1 1 0 0 1 0 0 0 1 0 0 0
2017  5 27 12 42 21 379200  -10.026820  -76.035510   12888   4.9  0  0  4  6 0 0 0 1 0 0 1 0 1 0 0 0 0 1
2017  5 27  2 28 35 727371  -10.375870  -75.413170    4644   7.4  0 -3  4  6 0 0 1 1 0 0 0 0 1 0 1 0 0 0
2017  5 27  2 41 39  65119  -10.414470  -75.030780    2536   9.4  0  2  7 21 0 0 1 1 0 0 1 0 1 0 1 1 0 1
2017  5 27  6 17 34  56033  -10.207410  -75.355180    2721   5.9  0  1  6 14 0 0 1 0 0 0 1 0 1 0 1 1 0 1
2017  5 27  7 41 20 771313  -10.133560  -75.059320    4235   8.1  0  0  5  7 0 0 1 0 0 0 1 0 1 0 1 0 0 1
2017  5 28 23 59 13 113414  -11.778740  -76.167940    2921  16.3  0  0  6 15 0 0 1 1 0 0 1 0 0 0 1 1 0 1
2017  5 31 17 50 14 552796  -11.368720  -75.147740    5636  18.7  0  3  4  6 0 0 1 1 0 0 1 0 0 0 1 0 0 0
2017  5 31 18 14 57 542968  -11.211150  -76.226830    5007   0.6  0  0  4  6 0 0 1 0 0 0 1 0 1 0 1 0 0 0
2017  5 31 19 51 31 310445  -11.666160  -76.134200    4416   7.3  0  0  4  6 0 0 1 1 0 0 1 0 0 0 1 0 0 0
2017  5 31 19 52 13 698640  -11.267160  -76.648930    3869  14.0  0 -3  4  6 0 0 1 1 0 0 0 0 0 0 1 1 0 0
2017  5 31 19 59 21 211926  -11.608730  -75.349100    5864  11.7  0  0  4  6 0 0 0 0 0 0 1 0 1 0 0 1 0 1
2017  5 31 20 14 40 411247  -11.652300  -75.342770    3803  14.0  0 -1  4  6 0 0 1 1 0 0 0 0 0 0 1 1 0 0
2017  5 31 20 57  5 323585  -11.066370  -75.117160    5842  15.7  0 -3  4  6 0 0 1 0 0 0 1 0 1 0 1 0 0 0
2017  5 31 21 14 47 332572  -11.379950  -75.231740    4947  18.7  0  0  5  9 0 0 0 0 0 0 1 0 1 0 1 1 0 1
2017  5 31 21 14 47  43316  -10.782550  -76.379420    4000  13.3  0 -2  4  6 0 0 1 0 0 0 0 0 0 0 1 1 0 1
2017  5 31 21 57 19 407271  -10.669570  -76.635250    6047  19.2  0 -1  4  6 0 0 1 1 0 0 0 0 1 0 1 0 0 0
2017  5 31 21  1 42 311222  -10.401750  -75.752160    4365  15.4  0  1  5 10 0 0 1 1 0 0 1 0 1 0 1 0 0 0
2017  5 31 22 18 25 602905  -11.041640  -75.951550    5719  19.7  0  2  4  6 0 0 1 1 0 0 0 0 1 0 0 0 0 1
2017  5 31 22 27 26 544851  -10.931520  -76.112530    3587   6.4  0 -2  5 10 0 0 1 1 0 0 0 0 1 0 1 0 0 1
2017  5 31 22 27 26 599101  -10.778750  -76.192690    4094   2.4  0 -1  4  6 0 0 1 0 0 0 1 0 0 0 1 0 0 1
2017  5 31 22 27 26 949322  -10.731230  -76.220950    4295  15.7  0  0  5 10 0 0 0 0 0 0 1 0 1 0 1 1 0 1
2017  5 31 22 27 27  97018  -10.741110  -76.294580    3482  13.2  0 -1  5  7 0 0 1 0 0 0 1 0 1 0 1 1 0 0
2017  5 31 22  6 22 912891  -10.815710  -76.161580    6726   2.8  0 -3  4  6 0 0 1 1 0 0 0 0 0 0 1 0 0 1
2017  5 31 22  6 22 936675  -10.758050  -76.209470    4357   4.5  0 -2  4  6 0 0 1 1 0 0 1 0 0 0 1 0 0 0
