2016  8  1 13 43 10 461713  -10.407220  -75.016620   11384  19.8  0  0  4  6 0 0 0 0 0 0 0 1 1 0 1 0 0 1
2016  8  1 18  2 44  42943  -10.535110  -75.128120    5439  19.7  0 -2  4  6 0 0 0 0 0 0 0 1 1 0 1 1 0 0
2016  8  1 22 19 38 281163  -10.573730  -75.133500   12343  10.3  0  3  4  6 0 0 1 0 0 0 0 0 0 1 1 0 0 1
2016  8  1 23 24 44 500578  -10.624850  -75.007060    2634  15.0  0  2  7 21 0 0 1 0 1 0 0 1 0 1 1 1 0 1
2016  8  1 23 40 19 528026  -10.570200  -75.283940    4638   8.1  0  1  4  6 0 0 1 0 0 0 0 1 0 0 1 0 0 1
2016  8  1 23  7 52 367713  -10.562290  -75.093760    3592  18.2  0  0  5  9 0 0 1 0 0 0 0 0 1 0 1 1 0 1
2016  8  2 12 12 31 743558  -10.280060  -75.129780    3149   1.2  0  0  4  6 0 0 1 0 0 0 0 1 0 0 0 1 0 1
2016  8  2 12 19 15 794939  -10.282440  -75.323490    4288   2.4  0  0  4  6 0 0 1 0 0 0 0 0 1 0 1 0 0 1
2016  8  2 12 36 36 809342  -10.315980  -75.318920    2994  19.5  0 -3  6 15 0 0 1 0 0 0 0 1 0 1 1 1 0 1
2016  8  2 12  2  8 431209  -10.095100  -75.227410    5869  17.1  0 -2  4  6 0 0 0 0 0 0 0 0 1 0 1 1 0 1
2016  8  2 13 53 20 602999  -10.417820  -75.197430    5130  12.3  0 -3  4  6 0 0 1 0 0 0 0 1 0 0 1 0 0 1
2016  8  2 13 53 54 594011  -10.411880  -75.198110    5288  13.6  0 -2  4  6 0 0 1 0 0 0 0 1 0 0 1 0 0 1
2016  8  2 13  2 26 292636  -10.254250  -75.496980    4295  16.8  0  0  5 10 0 0 1 0 0 0 0 1 1 0 1 0 0 1
2016  8  2 13  2 26 520291  -10.293940  -75.373700    3841  15.6  0 -2  5  7 0 0 1 0 0 0 0 0 1 0 1 1 0 1
2016  8  2 14 44 47  58176  -10.444780  -75.367830    3534  16.1  0  3  6 15 0 0 0 0 0 0 0 1 1 1 1 1 0 1
2016  8  2 14 46 28 763403  -10.464290  -75.403240    2743  16.4  0  3  7 20 0 0 1 0 0 0 0 1 1 1 1 1 0 1
2016  8  2 14 46 28 958950  -10.417700  -75.468800    4247  17.8  0  0  5 10 0 0 1 0 0 0 0 1 1 0 1 0 0 1
2016  8  2 14 46 29  44189  -10.480990  -75.412900    2810   3.4  0 -2  5 10 0 0 1 0 0 0 0 1 0 0 1 1 0 1
2016  8  2 16 28 22  21584  -10.346800  -75.237950    3688  18.3  0  1  5  9 0 0 1 0 0 0 0 0 1 0 1 1 0 1
2016  8  2 17 13 53 648416  -10.998580  -75.452690    3409   4.6  0  0  4  6 0 0 1 0 0 0 0 1 0 0 1 1 0 0
2016  8  2 17 13 53 754962  -11.007190  -75.373720    5074  12.2  0  3  4  6 0 0 1 0 0 0 0 1 0 0 1 0 0 1
2016  8  2 17 32 49 363689  -10.649620  -75.335000    5569  10.5  0  1  4  6 0 0 1 0 0 0 0 1 1 0 1 0 0 0
2016  8  2 17  5 24  43899  -10.867470  -75.112130    3194  10.6  0 -2  5 10 0 0 1 0 0 0 0 1 1 0 1 1 0 0
2016  8  2 19 20 36  68257  -10.338100  -75.034900    3575   8.4  0  0  4  6 0 0 1 0 0 0 0 0 0 0 1 1 0 1
2016  8  2  0 38 45 859158  -11.327210  -75.157960    4913  12.0  0  1  4  6 0 0 1 0 0 0 0 0 1 0 1 0 0 1
2016  8  2  0 38 45 866938  -11.326720  -75.165440    4190  10.2  0  2  5  9 0 0 1 0 0 0 0 1 1 0 1 0 0 1
2016  8  2  8  9 56 158730  -10.036520  -75.427730    2993   8.8  0  2  5 10 0 0 1 0 0 0 0 1 0 0 1 1 0 1
2016  8  2  9 56 20 924774  -11.306070  -75.528240    3587   8.5  0  1  4  6 0 0 1 0 0 0 0 1 0 0 1 1 0 0
2016  8  3  9 22 59 133384  -11.692540  -76.799100    4104  14.7  0 -1  4  6 0 0 1 0 0 0 0 1 0 0 1 1 0 0
2016  8  4 17 54 38 314684  -10.824180  -76.050950    3863   2.7  0  3  4  6 0 0 0 0 0 0 1 1 0 0 1 1 0 0
2016  8  4 18 58 11  77832  -10.531950  -76.765940    4733  13.6  0 -2  4  6 0 0 0 0 0 0 1 1 0 0 1 1 0 0
2016  8  4 18 58 24 830637  -10.013350  -75.777320    3939  13.0  0  0  4  6 0 0 1 0 0 0 1 1 0 0 0 1 0 0
2016  8  4 22 11 10  13520  -11.480730  -76.176280    2660  15.9  0  1  7 21 0 0 1 1 0 0 1 1 0 1 0 1 0 1
2016  8  4 22 15 15 860958  -11.488840  -76.215880    3788  12.2  0  2  5 10 0 0 1 0 0 0 1 1 0 0 1 0 0 1
2016  8  4 22 18 25 314594  -11.777590  -75.846290    4271   9.9  0  0  5  7 0 0 1 0 0 0 0 1 1 0 1 0 0 1
2016  8  4 22 34 39 832689  -10.355030  -76.751720    3160   7.5  0  0  6 15 0 0 1 1 0 0 1 1 0 0 1 0 0 1
2016  8  4 22 38 13 387641  -11.798430  -76.086330    3399  16.6  0  1  7 21 0 0 0 0 1 0 0 1 1 1 1 1 0 1
2016  8  4 22 42 22 248078  -10.343940  -76.924710    5224  13.9  0  1  6 15 0 0 0 1 0 0 1 1 1 0 1 0 0 1
2016  8  4 23 17  8 428667  -11.451010  -76.213500    4189   1.6  0  1  4  6 0 0 1 0 0 0 0 1 0 0 1 0 0 1
2016  8  4 23 23  0  19147  -10.276620  -76.982890    3323  18.3  0  3  7 20 0 0 1 0 0 0 1 1 1 1 1 0 0 1
2016  8  4 23 56 27 819143  -10.722170  -76.474330    4113   2.0  0  2  4  6 0 0 1 0 0 0 1 0 0 0 1 0 0 1
2016  8  5 13 51 37 563264  -11.408890  -76.201700    6854   4.5  0 -3  4  6 0 0 0 1 0 0 1 1 0 0 1 0 0 0
2016  8  5 13 54 28 445633  -11.294680  -76.123680    7757  10.3  0  0  4  6 0 0 0 1 0 0 0 1 1 0 1 0 0 0
2016  8  5 20 17  0 216333  -11.424000  -76.477660    4741  10.1  0 -2  4  6 0 0 1 1 0 0 1 0 0 0 1 0 0 0
2016  8  5  6 41 54 843615  -11.665100  -75.743130   15856  11.1  0  3  4  6 0 0 0 0 0 0 1 1 1 0 1 0 0 0
2016  8  6 10  0 48 815581  -11.428930  -75.689930    6474   0.8  0  0  4  6 0 0 0 1 0 0 1 1 0 0 1 0 0 0
2016  8  6 13 31 50 332773  -11.068540  -75.602050    7976  12.8  0  2  4  6 0 0 0 1 0 0 1 1 0 0 1 0 0 0
2016  8  6 22 40 21 610996  -11.866750  -76.027270    7021  12.4  0  2  5 10 0 0 0 0 0 0 1 1 1 0 1 0 0 1
2016  8  6 22  9 36 792651  -11.884980  -75.827810    3191  19.5  0  1  7 20 0 0 1 0 0 0 1 1 1 1 1 0 0 1
2016  8  6  7 45  8 146723  -10.152570  -75.376440    4144  16.3  0 -3  5 10 0 0 1 1 0 0 0 0 1 0 1 0 0 1
2016  8  7 12 23 47  38568  -10.442820  -75.236530    5101   8.7  0  2  4  6 0 0 1 0 0 0 1 1 0 0 1 0 0 0
2016  8  7 12  0 24 240468  -10.277980  -76.123960    7315   6.7  0  1  4  6 0 0 0 1 0 0 1 1 0 0 1 0 0 0
2016  8  7 12  4 36 528090  -10.168800  -76.144130    7519   8.1  0  2  4  6 0 0 0 1 0 0 1 1 0 0 1 0 0 0
2016  8  7 14  4  4 909957  -10.459240  -75.553730    7082   6.7  0  3  4  6 0 0 0 1 0 0 1 1 0 0 1 0 0 0
2016  8  7 19 31  0   9181  -10.140270  -75.061610   18303  19.1  0  0  4  6 0 0 0 1 0 0 1 1 0 0 0 0 0 1
2016  8  7 19 36 38  36298  -10.297580  -76.201730   14698  11.3  0  0  4  6 0 0 0 1 0 0 1 0 1 0 0 0 0 1
2016  8  7 20 38 16 502780  -10.089040  -75.856490    6893   5.2  0  2  4  6 0 0 0 1 0 0 1 0 1 0 1 0 0 0
2016  8  7 20 48 22 601275  -11.828480  -76.031790    4395  16.3  0 -2  5  9 0 0 1 0 0 0 1 0 1 0 1 0 0 1
2016  8  7 20 50 28 406260  -11.805190  -76.028410    4765  10.0  0  1  4  6 0 0 1 0 0 0 0 0 1 0 1 0 0 1
2016  8  7 20 52 21 508028  -11.826320  -76.011190    4650  11.6  0 -3  4  6 0 0 1 0 0 0 1 0 0 0 1 0 0 1
2016  8  7 20  1  9 510344  -10.161550  -76.022290   12977   5.4  0  3  4  6 0 0 0 1 0 0 1 0 1 0 0 0 0 1
2016  8  7 21 37 39  12718  -11.756160  -76.103610    3921   4.1  0  1  4  6 0 0 1 0 0 0 1 0 0 1 0 0 0 1
2016  8  8 13 52 59 531941  -10.719520  -75.160350   15623  14.9  0 -3  4  6 0 0 0 1 0 0 0 1 1 0 0 0 0 1
2016  8  8 16 19 35 179678  -11.838400  -76.857750    5347  15.1  0 -1  4  6 0 0 1 1 0 0 1 0 0 0 1 0 0 0
2016  8  8 17 33 35 692914  -10.066800  -75.633560    4457   5.6  0  2  4  6 0 0 0 0 0 0 1 0 1 0 1 1 0 0
2016  8  8 17 58 56 728356  -11.566010  -75.870930   10701  18.4  0  2  4  6 0 0 0 1 0 0 0 1 0 0 1 0 0 1
2016  8  9 10 11 13 749774  -10.293770  -75.568440    3787  15.6  0 -1  6 15 0 0 1 1 0 0 1 1 1 0 1 0 0 0
2016  8  9 10 12 49  86667  -11.419180  -75.957100    4118   6.8  0 -1  5 10 0 0 1 0 0 0 0 1 1 0 1 0 1 0
2016  8  9 10 16 47 159296  -11.455680  -75.240550    7211   9.8  0  0  4  6 0 0 0 1 0 0 1 1 0 0 1 0 0 0
2016  8  9 10 23 54 643992  -10.185400  -75.594690    4692   0.7  0  0  4  6 0 0 1 1 0 0 1 1 0 0 0 0 0 0
2016  8  9 10 26 47 694604  -10.286540  -75.455800    5568  16.4  0  1  4  6 0 0 1 1 0 0 1 0 0 0 1 0 0 0
2016  8  9 10 31 48 791150  -10.355230  -75.264530    4584  10.0  0  2  4  6 0 0 1 1 0 0 1 0 0 0 0 0 0 1
2016  8  9 10 57  3 877467  -10.440150  -75.062610    4275  15.5  0  2  5 10 0 0 1 1 0 0 1 0 1 0 1 0 0 0
2016  8  9 10  3 13 955593  -10.364550  -75.222330    4466  17.8  0 -2  5 10 0 0 1 0 0 0 1 1 0 0 1 0 0 1
2016  8  9 10  7 22 424231  -10.133590  -75.562820    4598   2.3  0  2  4  6 0 0 1 1 0 0 1 0 1 0 0 0 0 0
2016  8  9 11 10 52 622809  -10.372000  -75.266560    4683   0.3  0  3  4  6 0 0 1 0 0 0 1 1 0 0 1 0 0 0
2016  8  9 11 10 52 808473  -10.132320  -76.272620    9074  15.4  0  3  4  6 0 0 0 1 0 0 1 1 0 0 1 0 0 0
2016  8  9 11 13 46 586030  -10.114600  -76.340650    7702   8.3  0  2  4  6 0 0 0 1 0 0 1 1 0 0 1 0 0 0
2016  8  9 11 15 31 393753  -10.559920  -75.179920    9235  18.9  0  2  4  6 0 0 0 1 0 0 1 1 0 0 1 0 0 0
2016  8  9 11 16 10 412744  -10.464400  -75.272940    6408  18.5  0  3  4  6 0 0 1 1 0 0 0 1 0 0 1 0 0 0
2016  8  9 11 16 35 644667  -10.381450  -75.632340    8131  13.5  0 -2  4  6 0 0 0 1 0 0 0 1 1 0 1 0 0 0
2016  8  9 11 21 41 165298  -10.501980  -75.534390    7791  11.5  0  0  4  6 0 0 0 1 0 0 1 1 0 0 1 0 0 0
2016  8  9 11 22 16 105751  -10.374130  -75.676750    6751   2.6  0  3  4  6 0 0 0 1 0 0 1 1 0 0 1 0 0 0
2016  8  9 11 22 16 118473  -10.409150  -75.606090    6682   2.7  0  2  4  6 0 0 0 1 0 0 0 1 1 0 1 0 0 0
2016  8  9 11 22 16  96564  -10.372230  -75.701820    6739   2.3  0  0  4  6 0 0 0 1 0 0 1 1 0 0 1 0 0 0
2016  8  9 11 23  4 802387  -11.088420  -75.790970    6026  12.2  0  0  5 10 0 0 0 1 0 0 1 1 1 0 1 0 0 0
2016  8  9 11 27 37  16366  -10.284140  -76.108600   35275  16.0  0  1  4  6 0 0 0 1 0 0 1 1 1 0 0 0 0 0
2016  8  9 11 32 11 913701  -10.296180  -76.102470    7455   7.8  0 -3  4  6 0 0 0 1 0 0 1 1 0 0 1 0 0 0
2016  8  9 11 36 10 430696  -10.444550  -75.755750    6753   2.3  0 -1  4  6 0 0 0 1 0 0 1 1 0 0 1 0 0 0
2016  8  9 11 45 20 558190  -10.504220  -75.190430    7959  13.0  0  0  4  6 0 0 0 1 0 0 1 1 0 0 1 0 0 0
2016  8  9 11 47 35 791834  -10.303840  -76.201730    6668  12.3  0  1  5  9 0 0 0 1 0 0 1 1 1 0 1 0 0 0
2016  8  9 11 48 41  75295  -10.177380  -76.031400    6859   0.8  0  0  4  6 0 0 0 1 0 0 1 1 0 0 1 0 0 0
2016  8  9 11 51 36 503858  -10.584400  -75.003870    5505  16.9  0  1  4  6 0 0 1 1 0 0 1 0 0 0 1 0 0 0
2016  8  9 11 59 34 468551  -10.442980  -75.195770    6367  19.1  0  2  4  6 0 0 1 0 0 0 1 1 0 0 1 0 0 0
2016  8  9 11  0 30 863271  -10.555820  -75.016800    4367  14.9  0  0  5 10 0 0 1 1 0 0 1 1 1 0 0 0 0 0
2016  8  9 11  1 34 296693  -10.112140  -76.128290    8399  12.8  0  0  4  6 0 0 0 1 0 0 1 1 0 0 1 0 0 0
2016  8  9 11  5 51 786911  -10.486090  -75.015370    4384  19.3  0  0  6 11 0 0 1 1 0 0 1 1 1 0 1 0 0 0
2016  8  9 11  8 22 872839  -10.332550  -75.319080    4107   1.7  0  2  5  7 0 0 1 1 0 0 1 1 1 0 0 0 0 0
2016  8  9 12 37 45  46863  -10.503470  -75.049600    5971  16.4  0  0  4  6 0 0 1 0 0 0 1 1 0 0 1 0 0 0
2016  8  9 12 41 51 686283  -10.070740  -75.909590    4752   0.4  0 -1  4  6 0 0 1 1 0 0 1 1 0 0 0 0 0 0
2016  8  9 12 53 56 728989  -10.310760  -76.099910   13983   2.8  0  3  4  6 0 0 0 0 0 0 1 1 1 0 1 0 0 0
2016  8  9 12 54 37 187847  -10.123150  -75.541090    4992   6.3  0 -2  4  6 0 0 1 0 0 0 1 1 0 0 1 0 0 0
2016  8  9 12 54  8 940151  -10.459050  -75.055630    3607  17.0  0 -1  6 15 0 0 1 0 0 0 1 1 1 0 1 0 0 1
2016  8  9 12 55 28 986797  -10.404750  -75.195060    4404  12.8  0  1  5  8 0 0 1 1 0 0 1 1 1 0 0 0 0 0
2016  8  9 12 55 59 890901  -10.486220  -75.021130    3775   8.4  0 -3  5 10 0 0 1 0 0 0 1 1 1 0 0 0 0 1
2016  8  9 12 56 13 302123  -10.224740  -75.460510    4947   6.1  0  1  4  6 0 0 1 0 0 0 1 1 0 0 1 0 0 0
2016  8  9 12 56 13 332777  -10.224610  -75.458100    4948   6.0  0  2  4  6 0 0 1 0 0 0 1 1 0 0 1 0 0 0
2016  8  9 12 57 11 411933  -10.491600  -75.081700    5125   9.2  0 -1  4  6 0 0 1 0 0 0 1 1 0 0 1 0 0 0
2016  8  9 12 58 11 751063  -10.255980  -75.266480    6496  19.7  0 -1  4  6 0 0 1 0 0 0 1 1 0 0 1 0 0 0
2016  8  9 12 59 36 624571  -10.400870  -75.239550    6041  16.6  0 -3  4  6 0 0 1 0 0 0 1 1 0 0 1 0 0 0
2016  8  9 12  8 37 338027  -10.631980  -75.024790    5110   9.4  0  2  4  6 0 0 1 0 0 0 1 1 0 0 1 0 0 0
2016  8  9 12  9 20 266966  -10.183090  -75.694900    5781  11.7  0  0  5 10 0 0 0 1 0 0 1 1 1 0 1 0 0 0
2016  8  9 13 12 18 763171  -10.356900  -75.763180    7203   7.1  0 -2  4  6 0 0 0 1 0 0 1 1 0 0 1 0 0 0
2016  8  9 13 19 32 484934  -10.301100  -75.897110    6985   4.7  0  2  4  6 0 0 0 1 0 0 1 1 0 0 1 0 0 0
2016  8  9 13 29 17 605755  -10.258600  -75.532880    5202   9.1  0  1  4  6 0 0 1 0 0 0 1 1 0 0 1 0 0 0
2016  8  9 13 43 47 856592  -10.510340  -75.174560    6005  15.0  0  3  5 10 0 0 0 1 0 0 1 1 0 0 1 0 0 1
2016  8  9 13 46 28 339694  -10.392690  -75.280770    4290  13.7  0 -2  5 10 0 0 1 1 0 0 1 1 0 0 1 0 0 0
2016  8  9 13 46 28 408072  -10.448180  -75.154480    4818   5.0  0  2  4  6 0 0 1 0 0 0 1 1 0 0 1 0 0 0
2016  8  9 13 50 34 980927  -10.172800  -76.270080    8701  15.6  0  1  4  6 0 0 0 1 0 0 0 1 1 0 1 0 0 0
2016  8  9 13 54 16 602438  -10.519390  -75.009640    6345  19.4  0 -1  4  6 0 0 1 0 0 0 1 1 0 0 1 0 0 0
2016  8  9 13  3 29 805207  -10.431450  -75.027220    3856  12.9  0 -1  5 10 0 0 1 0 0 0 1 1 0 0 1 0 0 1
2016  8  9 13  7  4 746939  -10.126050  -75.952190    8065  11.6  0  1  4  6 0 0 0 1 0 0 1 1 0 0 1 0 0 0
2016  8  9 13  9 41 396891  -10.197800  -75.366330    6518  19.7  0  2  4  6 0 0 1 0 0 0 1 1 0 0 1 0 0 0
2016  8  9 14 55 30 376800  -11.054860  -75.247990   11903   3.5  0  2  4  6 0 0 0 1 0 0 0 1 1 0 0 0 0 1
2016  8  9 14  1 11 400343  -10.420890  -75.275250    5264  10.4  0  1  4  6 0 0 1 0 0 0 1 1 0 0 1 0 0 0
2016  8  9 14  8 15 404085  -10.318650  -75.345120    4973   6.8  0  1  4  6 0 0 1 0 0 0 1 1 0 0 1 0 0 0
2016  8  9 15 24 13 796774  -11.171830  -75.313220   11751   1.8  0  0  4  6 0 0 0 1 0 0 0 1 1 0 0 0 0 1
2016  8  9 17 10 55 871330  -11.062260  -75.016650    6728   6.5  0  3  4  6 0 0 0 1 0 0 1 1 0 0 1 0 0 0
2016  8  9 17 14 40 871354  -10.452770  -75.435710    6941   6.0  0  3  4  6 0 0 0 1 0 0 1 1 0 0 1 0 0 0
2016  8  9 17 16 17  63698  -11.040270  -75.169550    6814   6.7  0  3  4  6 0 0 0 1 0 0 1 1 0 0 1 0 0 0
2016  8  9 17 16 45 668584  -10.283350  -75.018460    4676   3.8  0  0  4  6 0 0 1 1 0 0 1 1 0 0 0 0 0 0
2016  8  9 17 16  2 374490  -10.972460  -75.398600    7494  10.6  0  2  4  6 0 0 0 1 0 0 1 1 0 0 1 0 0 0
2016  8  9 17 17 22 699974  -10.998110  -75.396750    8321  14.6  0  2  4  6 0 0 0 1 0 0 1 1 0 0 1 0 0 0
2016  8  9 17 21 43 685868  -10.534880  -75.107190    6572   3.3  0  0  4  6 0 0 0 1 0 0 1 1 0 0 1 0 0 0
2016  8  9 17 22  7 614053  -10.463820  -75.347510    7236   8.3  0  3  4  6 0 0 0 1 0 0 1 1 0 0 1 0 0 0
2016  8  9 17 23 34 443079  -11.529690  -76.609760   13888  18.8  0  2  5  9 0 0 0 1 0 0 1 1 1 0 0 0 0 1
2016  8  9 17 23 54 371522  -10.407800  -75.599150    7634  10.0  0  3  4  6 0 0 0 1 0 0 1 1 0 0 1 0 0 0
2016  8  9 17 24 42  89218  -10.961430  -75.231510    6398  16.4  0  0  5 10 0 0 0 1 0 0 1 1 1 0 1 0 0 0
2016  8  9 17 24  5 636150  -10.589490  -75.008640    7236   9.7  0  3  4  6 0 0 0 1 0 0 1 1 0 0 1 0 0 0
2016  8  9 17 31 45 315608  -10.519220  -75.433660    8055  12.9  0  3  4  6 0 0 0 1 0 0 1 1 0 0 1 0 0 0
2016  8  9 17 32 59 705458  -11.050940  -75.073470    6365   1.9  0  1  4  6 0 0 0 1 0 0 1 1 0 0 1 0 0 0
2016  8  9 17 33 11 966490  -10.557480  -75.030560    6872   6.9  0  3  4  6 0 0 0 1 0 0 1 1 0 0 1 0 0 0
2016  8  9 17 34 11 428030  -10.855300  -76.283960   14907  11.0  0  1  4  6 0 0 0 1 0 0 1 1 0 0 0 0 0 1
2016  8  9 17 35 11 176610  -10.484410  -75.416710    7787  11.5  0  3  4  6 0 0 0 1 0 0 1 1 0 0 1 0 0 0
2016  8  9 17 39 39 635956  -10.151120  -76.099200    5909  11.3  0  1  5 10 0 0 0 1 0 0 1 1 1 0 1 0 0 0
2016  8  9 17  9 37 308347  -11.437610  -75.280850   12275  11.5  0 -3  5  7 0 0 0 1 0 0 1 1 1 0 0 0 0 1
2016  8  9 18 27 25  83788  -11.197670  -76.043180   13959   9.0  0  2  4  6 0 0 0 1 0 0 1 0 1 0 0 0 0 1
2016  8  9 18 42 19 172674  -11.276530  -75.395480   10080   9.4  0 -1  5  9 0 0 0 1 0 0 1 1 1 0 0 0 0 1
2016  8  9 18 46 21 752129  -10.865040  -75.034020    5451  14.5  0 -1  4  6 0 0 1 1 0 0 0 1 0 0 0 0 0 1
2016  8  9 19 19 39 322140  -11.528310  -75.680110   15778  15.4  0  2  4  6 0 0 0 1 0 0 1 0 1 0 0 0 0 1
2016  8  9 19 22 18 670454  -10.612710  -75.458550    4584  14.4  0  1  5  8 0 0 1 1 0 0 1 1 1 0 0 0 0 0
2016  8  9 19 29 15 749923  -10.584750  -76.321890   13827   7.9  0  0  4  6 0 0 0 1 0 0 1 0 1 0 0 0 0 1
2016  8  9 19 33  5 960874  -11.110460  -75.219290    5078   4.6  0  1  4  6 0 0 0 1 0 0 1 0 0 0 0 1 0 1
2016  8  9 19 47  1 474932  -10.229350  -76.465450   16448  15.4  0  1  4  6 0 0 0 1 0 0 1 0 1 0 0 0 0 1
2016  8  9 20 15 14 710089  -11.566300  -76.112790    5382   6.5  0 -1  4  6 0 0 0 1 0 0 1 0 0 0 0 1 0 1
2016  8  9 20 24 22 541397  -10.366690  -75.634500   13649   8.5  0 -2  4  6 0 0 0 1 0 0 1 0 1 0 0 0 0 1
2016  8  9 20 24 44 297597  -10.440670  -76.358950   12817   3.1  0  0  4  6 0 0 0 1 0 0 1 0 1 0 0 0 0 1
2016  8  9 20 40 42 504220  -11.332150  -75.627970   16906  17.4  0 -1  4  6 0 0 0 1 0 0 1 0 1 0 0 0 0 1
2016  8  9 20 47 51 523097  -10.457980  -76.775890   14324   8.8  0  1  4  6 0 0 0 1 0 0 1 0 1 0 0 0 0 1
2016  8  9 20  1 40 221652  -10.290310  -75.646770   13072   6.7  0 -2  4  6 0 0 0 1 0 0 1 0 1 0 0 0 0 1
2016  8  9 20  3  4 823194  -10.298090  -75.711190   14259  10.7  0  0  4  6 0 0 0 1 0 0 1 0 1 0 0 0 0 1
2016  8  9 20  9 24  85420  -11.144610  -75.042180   14760  13.7  0 -3  4  6 0 0 0 1 0 0 1 0 1 0 0 0 0 1
2016  8  9 21 32 47 112630  -11.987280  -75.708310    3384   6.7  0  2  5 10 0 0 1 1 0 0 1 0 0 0 1 0 0 1
2016  8  9 21 33 23 107829  -11.382780  -75.711650   12215   8.5  0 -3  4  6 0 0 0 1 0 0 1 0 0 1 0 0 0 1
2016  8  9 21 33 23 218524  -11.385130  -76.165720    4100  11.8  0  0  5  8 0 0 1 1 0 0 1 0 1 0 0 0 0 1
2016  8  9 21 33 23  39918  -11.399620  -76.140580    3152  11.0  0 -3  6 15 0 0 1 1 0 0 1 0 0 1 1 0 0 1
2016  8  9 21 33 23  48316  -11.442080  -76.073620    2842  14.0  0  0  6 15 0 0 1 1 0 0 1 0 0 0 1 1 0 1
2016  8  9 21 38 50 922825  -11.732520  -76.438690    5126   1.3  0  2  4  6 0 0 0 1 0 0 1 0 0 0 0 1 0 1
2016  8  9 21 48 21 854805  -10.187660  -75.634400   12473   2.9  0  1  4  6 0 0 0 1 0 0 1 0 1 0 0 0 0 1
2016  8  9 21 58 42 318449  -10.337660  -76.903110   13519   5.4  0  1  4  6 0 0 0 1 0 0 1 0 1 0 0 0 0 1
2016  8  9 22 18 16 278211  -10.254600  -75.359970   12671   5.0  0  2  4  6 0 0 0 1 0 0 1 0 1 0 0 0 0 1
2016  8  9 22 22 32 644946  -11.067020  -76.935020   13448   4.7  0  1  4  6 0 0 0 1 0 0 1 0 1 0 0 0 0 1
2016  8  9 22  2 56 510444  -10.711170  -76.180440   13985  13.2  0  3  4  6 0 0 0 1 0 0 1 0 1 1 0 0 0 0
2016  8  9 22  9 17 385718  -11.530440  -76.752510   16476  15.4  0  1  4  6 0 0 0 1 0 0 1 0 1 0 0 0 0 1
2016  8  9 23 31 12 655857  -10.184830  -76.421560   12791   2.4  0  0  4  6 0 0 0 1 0 0 1 0 1 0 0 0 0 1
2016  8  9  3 13 14 407316  -11.549790  -75.326310    5208  13.6  0  0  4  6 0 0 1 1 0 0 0 0 1 0 1 0 0 0
2016  8  9  6 47 17 613240  -10.506370  -75.105530    4837  14.1  0  1  5  7 0 0 1 1 0 0 1 0 0 0 1 0 0 1
2016  8  9  7 19 32 227431  -10.482490  -75.354570    5649  13.3  0  2  4  6 0 0 1 0 0 0 1 0 1 0 1 0 0 0
2016  8  9  7 55 34  91341  -11.034040  -75.765800   16645  12.7  0  1  4  6 0 0 0 0 0 0 1 1 1 0 1 0 0 0
2016  8  9  8 26 38  79196  -10.027430  -75.512460    2654  15.1  0 -2  7 21 0 0 1 1 0 0 1 1 1 0 1 1 0 0
2016  8  9  8 28 16 665086  -10.410290  -75.039280    3967  11.9  0  0  5  9 0 0 1 0 0 0 1 0 1 0 1 0 0 1
2016  8  9  9 11 33  76792  -10.401910  -75.163240    3103  13.7  0  0  5 10 0 0 1 1 0 0 0 1 0 0 1 1 0 0
2016  8  9  9 16 38 399814  -10.273320  -75.018940    4267  17.7  0  3  4  6 0 0 1 0 0 0 1 1 0 0 0 1 0 0
2016  8  9  9 22 39  33786  -10.395570  -75.048220    5549  11.8  0  0  5 10 0 0 0 1 0 0 0 1 1 0 1 0 0 1
2016  8  9  9 24 14 876838  -10.121340  -75.344380    3794   3.7  0  0  5  8 0 0 1 1 0 0 1 0 0 0 1 0 0 1
2016  8  9  9 30 13 396553  -10.241380  -75.043690    5369  19.6  0  3  5  8 0 0 1 1 0 0 1 1 0 0 1 0 0 0
2016  8  9  9 30  8 846249  -10.278000  -75.149840    4820  16.4  0 -3  4  6 0 0 0 1 0 0 0 1 0 0 1 1 0 0
2016  8  9  9 32 17 893749  -10.361100  -75.237080    3494   6.7  0 -3  4  6 0 0 1 0 0 0 0 0 0 0 1 1 0 1
2016  8  9  9 34  1 305402  -10.107210  -75.359620    5185  18.3  0  1  5  8 0 0 1 1 0 0 1 1 0 0 1 0 0 0
2016  8  9  9 45 35 814755  -11.616370  -75.870630   16689  13.2  0  2  4  6 0 0 0 0 0 0 1 1 1 0 1 0 0 0
2016  8  9  9 45 37 432658  -10.487380  -75.148260    5358   8.7  0  2  4  6 0 0 1 0 0 0 0 1 1 0 1 0 0 0
2016  8  9  9  0 34  38896  -10.014070  -75.604970    3476  11.4  0  1  6 15 0 0 1 1 0 0 1 1 1 0 1 0 0 0
2016  8  9  9  3 35 687481  -11.470300  -76.076640   14563   6.3  0  0  4  6 0 0 0 0 0 0 1 1 1 0 1 0 0 0
2016  8 10 10 10 25 858978  -10.551900  -75.041460   12964   8.6  0  1  4  6 0 0 0 1 0 0 1 1 0 0 0 0 0 1
2016  8 10 10 10 58 149556  -10.144550  -75.009870    5229  15.6  0  0  4  6 0 0 1 0 0 0 1 1 0 0 0 0 0 1
2016  8 10 10 11 53  65654  -10.065530  -75.513330    9429  18.7  0  0  4  6 0 0 0 1 0 0 1 1 0 0 1 0 0 0
2016  8 10 10 11  5 564657  -11.270390  -76.834760    7429   7.2  0  0  4  6 0 0 0 1 0 0 1 1 0 0 1 0 0 0
2016  8 10 10 13 13 867619  -10.173170  -75.711980    6753   0.9  0 -1  4  6 0 0 0 1 0 0 1 1 0 0 1 0 0 0
2016  8 10 10 16  3  22347  -10.020970  -75.134780    4951  12.1  0 -3  4  6 0 0 1 0 0 0 0 0 1 0 1 0 0 1
2016  8 10 10 18 11 665754  -10.134060  -75.101210    4018  14.4  0  0  5 10 0 0 1 0 0 0 0 1 1 0 1 0 0 1
2016  8 10 10 18 35 463666  -10.378470  -76.572780    9644  17.6  0  0  4  6 0 0 0 1 0 0 1 1 0 0 1 0 0 0
2016  8 10 10 18 50 604904  -10.154350  -75.003780    6531   1.6  0 -1  4  6 0 0 0 1 0 0 1 1 0 0 1 0 0 0
2016  8 10 10 19  0 537764  -10.619840  -75.746770   13817   2.8  0  1  4  6 0 0 0 0 0 0 1 1 1 0 1 0 0 0
2016  8 10 10 21 27 906716  -10.069660  -76.964620   14964   8.8  0  2  4  6 0 0 0 1 0 0 1 1 0 0 0 0 0 1
2016  8 10 10 26  7 376139  -10.128180  -75.167210    7346   9.1  0  3  4  6 0 0 0 1 0 0 1 1 0 0 1 0 0 0
2016  8 10 10 26  7 801634  -10.115390  -75.201940    7752  11.4  0  3  4  6 0 0 0 1 0 0 1 1 0 0 1 0 0 0
2016  8 10 10 26  7 966531  -10.104910  -75.224590    7651  10.8  0  2  4  6 0 0 0 1 0 0 1 1 0 0 1 0 0 0
2016  8 10 10 31 19 795399  -10.468920  -75.459450   12911   7.4  0  1  4  6 0 0 0 1 0 0 1 1 0 0 0 0 0 1
2016  8 10 10  2 25 339689  -10.230700  -75.420750    7500   9.4  0  0  4  6 0 0 0 1 0 0 1 1 0 0 1 0 0 0
2016  8 10 10  8 44  43348  -10.176980  -75.091510    4734   2.4  0  0  4  6 0 0 1 0 0 0 1 1 0 0 1 0 0 0
2016  8 10 10  9 11 839695  -10.437190  -75.640820    5908   4.4  0  3  4  6 0 0 0 1 0 0 1 1 0 0 0 1 0 0
2016  8 10 10  9 59 438975  -10.795410  -75.245760    6466   1.7  0  1  4  6 0 0 0 1 0 0 1 1 0 0 1 0 0 0
2016  8 10 11 17 34 469791  -10.478920  -76.550160    6865   2.4  0  3  4  6 0 0 0 1 0 0 1 0 1 0 1 0 0 0
2016  8 10 11 39 50 398573  -11.511370  -75.761640    8214  12.9  0  3  4  6 0 0 0 1 0 0 0 0 0 1 0 1 0 1
2016  8 10 12 13 51 860258  -10.157370  -75.501220    9424  18.6  0 -1  4  6 0 0 0 1 0 0 1 1 0 0 1 0 0 0
2016  8 10 12 22  7 470317  -10.186350  -75.298650    6548  19.9  0  3  4  6 0 0 1 0 0 0 1 1 0 0 1 0 0 0
2016  8 10 12 22  7 974982  -10.100260  -75.714970    8530  14.2  0 -2  4  6 0 0 0 1 0 0 1 1 0 0 1 0 0 0
2016  8 10 12  2 23 918460  -10.603940  -75.072880    5167   9.9  0  1  4  6 0 0 1 0 0 0 1 1 0 0 1 0 0 0
2016  8 10 12  4 19 722163  -10.244440  -75.211760    3662  15.5  0  2  6 15 0 0 1 1 0 0 1 1 1 0 1 0 0 0
2016  8 10 12  4 19 793176  -10.270380  -75.201060    2661  10.2  0  2  6 15 0 0 1 1 0 0 0 1 0 0 1 1 0 1
2016  8 10 13 36  6 339226  -10.774440  -75.408490    4444  15.8  0  2  5  9 0 0 1 1 0 0 1 0 1 0 1 0 0 0
2016  8 10 13 45 30 445940  -10.688370  -75.390670    7320   9.4  0  2  4  6 0 0 0 1 0 0 1 1 0 0 1 0 0 0
2016  8 10 14 54 19 736357  -11.356260  -75.547000    6442   0.7  0  3  4  6 0 0 0 1 0 0 1 1 0 0 1 0 0 0
2016  8 10 20 34 55 354519  -11.804800  -75.891700    6253  18.7  0 -1  5  7 0 0 1 1 0 0 0 0 1 0 1 0 0 1
2016  8 10 20 34 55 394127  -11.790200  -75.894650    4204  17.2  0 -1  5 10 0 0 1 1 0 0 0 0 1 0 1 0 0 1
2016  8 10 21 53 41 675018  -10.012800  -76.778110    7263   9.2  0 -3  4  6 0 0 0 1 0 0 0 0 1 0 1 0 0 1
2016  8 10 21 56  5 681032  -11.300130  -76.023610    3535   4.9  0 -1  5 10 0 0 1 1 0 0 0 0 1 0 1 0 0 1
2016  8 10 22 35 12  30529  -10.484870  -76.301570    4217   0.9  0  2  4  6 0 0 1 1 0 0 0 0 1 0 0 0 0 1
2016  8 10 22 35 13 479567  -10.050070  -76.473150    8321  10.8  0 -3  4  6 0 0 1 1 0 0 0 0 0 0 1 0 0 1
2016  8 10 22 35 13 506330  -10.054570  -76.480890    8537  11.6  0 -3  4  6 0 0 1 1 0 0 0 0 0 0 1 0 0 1
2016  8 10 22  3 33 166596  -11.285490  -76.153300    4410   1.0  0 -2  4  6 0 0 1 1 0 0 0 0 1 0 1 0 0 0
2016  8 10 23 28 36 120476  -10.059350  -76.674350    3898  11.9  0  0  4  6 0 0 1 0 0 0 0 0 0 0 1 1 0 1
2016  8 10  3  4 21 410897  -10.278030  -75.332320    4534  19.9  0 -3  5 10 0 0 1 1 0 0 1 0 1 0 0 0 0 1
2016  8 10  3  9 24 827257  -10.342400  -75.263270    3694  10.0  0  3  5 10 0 0 1 1 0 0 1 0 0 0 1 0 0 1
2016  8 10  3  9 24 877848  -10.355760  -75.200330    4098  14.7  0 -3  5 10 0 0 0 0 0 0 1 0 1 0 1 1 0 1
2016  8 10  4 36 19 666151  -10.220520  -75.578050    5242   5.7  0 -3  5  9 0 0 0 1 0 0 1 0 1 0 1 0 0 1
2016  8 10  4 44 36 538992  -10.432190  -75.321300    4453  14.7  0 -3  5  8 0 0 1 1 0 0 1 0 0 0 1 0 0 1
2016  8 10  4 44  9  26374  -11.197070  -75.281710    5428  18.3  0 -3  4  6 0 0 1 0 0 0 1 0 0 0 1 0 0 1
2016  8 10  4 49 52  13890  -10.259060  -75.348110    3935  14.0  0 -3  5  9 0 0 0 1 0 0 1 0 0 0 1 1 0 1
2016  8 10  4 52 17 827719  -10.343300  -75.287830    2970   6.0  0 -3  5 10 0 0 1 0 0 0 1 0 1 0 0 1 0 1
2016  8 10  4 53 24 842525  -10.228490  -75.344770    4046   8.6  0 -3  4  6 0 0 1 0 0 0 0 0 1 0 1 1 0 0
2016  8 10  4 53  0  58258  -10.158050  -75.636920    5310   7.4  0 -3  4  6 0 0 1 0 0 0 1 0 1 0 1 0 0 0
2016  8 10  4 57 56 219869  -10.294960  -75.339320    2699  14.4  0 -3  7 21 0 0 1 1 0 0 1 0 1 0 1 1 0 1
2016  8 10  4  3 18 567064  -11.176730  -75.148650    4649  19.1  0 -3  5  9 0 0 1 0 0 0 1 1 1 0 0 0 0 1
2016  8 10  5 17 22 863406  -10.178280  -75.603940    4777  15.2  0 -3  5  8 0 0 1 1 0 0 1 0 1 0 1 0 0 0
2016  8 10  5 42 12 696719  -10.262330  -75.277960    3588   5.6  0  0  5  9 0 0 1 1 0 0 1 0 0 0 1 0 0 1
2016  8 10  5 59 37 551880  -10.015610  -75.488720    3415   7.2  0  3  4  6 0 0 1 1 0 0 0 0 0 0 1 1 0 0
2016  8 10  5  3 30 903341  -11.047660  -75.640510    4641  15.2  0 -1  5  9 0 0 1 1 0 0 1 0 1 0 1 0 0 0
2016  8 10  5  6 44 359761  -10.290070  -75.317760    4359  16.1  0  3  5  9 0 0 1 1 0 0 1 0 0 0 1 0 0 1
2016  8 10  5  8 36 342659  -10.290500  -75.397040    3372  13.0  0  2  6 15 0 0 1 1 0 0 1 0 1 0 1 0 0 1
2016  8 10  6 10 59 211182  -10.071860  -75.865660    6882   2.3  0  3  4  6 0 0 0 1 0 0 1 1 0 0 1 0 0 0
2016  8 10  6 11 59 831307  -10.247370  -75.144460    3890   2.4  0  2  5  7 0 0 1 0 0 0 1 0 1 0 1 0 0 1
2016  8 10  6 12 29 820220  -10.382840  -75.392390    3778  13.6  0  3  4  6 0 0 1 1 0 0 0 0 0 0 1 1 0 0
2016  8 10  6 15 49 578510  -10.403200  -75.399190    8775  19.7  0  0  5  7 0 0 0 1 0 0 0 1 1 0 1 0 0 1
2016  8 10  6 16  4 830687  -10.287800  -75.446010    2638  11.3  0  0  7 21 0 0 1 0 0 0 1 1 1 0 1 1 0 1
2016  8 10  6 19  3 491613  -10.213500  -75.214320    2554  10.7  0  0  7 21 0 0 1 0 1 0 1 1 0 0 1 1 0 1
2016  8 10  6 32 36 496801  -10.153390  -75.512960    5380  19.5  0  3  5  8 0 0 1 1 0 0 1 0 1 0 1 0 0 0
2016  8 10  6 37 23 449744  -10.309280  -75.070630    6796   8.5  0  3  4  6 0 0 0 1 0 0 1 0 0 0 1 0 0 1
2016  8 10  6 38 59 420657  -10.065230  -75.352010    4880  12.3  0 -3  4  6 0 0 1 0 0 0 1 0 0 0 1 0 0 1
2016  8 10  6 42  6 627197  -10.369940  -75.091540    3173  10.1  0  2  6 15 0 0 1 1 0 0 1 0 1 0 1 0 0 1
2016  8 10  6 42  6 638368  -10.386270  -75.081800    3740  12.0  0  1  5 10 0 0 1 1 0 0 1 0 0 0 1 0 0 1
2016  8 10  6 47 48 842093  -10.094440  -75.541940    5651   7.4  0 -1  5  8 0 0 0 1 0 0 1 0 1 0 1 0 0 1
2016  8 10  6 52 21 411582  -10.087450  -75.565590    7152  18.4  0 -3  5  9 0 0 0 1 0 0 1 0 1 0 1 0 0 1
2016  8 10  6 53 37 959651  -10.423930  -75.081020    3347  15.9  0  1  5 10 0 0 1 1 0 0 1 0 0 0 1 1 0 0
2016  8 10  6 56 40 321837  -10.064730  -75.114740    6297   7.8  0  0  5  8 0 0 0 1 0 0 1 1 1 0 1 0 0 0
2016  8 10  6 56  8 877245  -10.540450  -75.291090    4357   4.7  0  0  5  8 0 0 1 0 0 0 1 1 1 0 1 0 0 0
2016  8 10  6 58 39 572034  -10.014840  -75.390200    3976   2.0  0  0  5  7 0 0 1 1 0 0 1 1 0 0 1 0 0 0
2016  8 10  6 58 39 652663  -10.030420  -75.341810    3243   8.5  0  1  6 14 0 0 1 1 0 0 1 1 0 0 1 0 0 1
2016  8 10  6  2 14 753720  -10.152120  -75.287190    4635  10.0  0  3  5  7 0 0 1 1 0 0 1 1 0 0 1 0 0 0
2016  8 10  6  6 13 649534  -10.238090  -75.147420    3667  17.8  0  3  6 15 0 0 1 1 0 0 1 0 1 0 1 0 0 1
2016  8 10  7 12 28 577252  -10.802240  -75.612950    6168   2.0  0 -3  4  6 0 0 0 1 1 0 0 0 0 1 0 1 0 0
2016  8 10  7 14 44 781586  -10.004320  -75.377820    3892   4.0  0  1  5  8 0 0 1 1 0 0 1 0 1 0 1 0 0 0
2016  8 10  7 17  2 359309  -10.469180  -75.023830    3329  11.1  0  0  6 15 0 0 1 1 0 0 1 1 1 0 1 0 0 0
2016  8 10  7 18 43 664282  -10.034190  -75.327110    2940  13.9  0  1  6 14 0 0 1 0 0 0 1 1 1 0 1 1 0 0
2016  8 10  7 20 51 650291  -10.014790  -75.378810    3632  13.9  0  1  6 15 0 0 1 1 0 0 1 1 1 0 1 0 0 0
2016  8 10  7 22 12 580659  -10.003580  -75.247760    4435   7.7  0  3  4  6 0 0 1 0 0 0 1 0 0 0 1 0 0 1
2016  8 10  7 23 59 375094  -10.116900  -75.327880    4226   2.6  0 -1  5  7 0 0 1 0 0 0 1 1 0 0 1 0 0 1
2016  8 10  7 28 22 191261  -10.159380  -75.256260    5068  17.4  0  0  4  6 0 0 0 1 0 0 1 0 0 0 1 1 0 0
2016  8 10  7 28 22 599119  -10.064580  -75.121640    2931   8.4  0  3  5 10 0 0 1 0 1 0 1 0 0 0 0 1 0 1
2016  8 10  7 32 47 427734  -10.038340  -75.255460    3377   9.6  0  2  5 10 0 0 0 1 0 0 1 1 0 0 1 1 0 0
2016  8 10  7 33 44  49133  -10.229600  -75.063320    3738  17.3  0  3  5  9 0 0 1 0 0 0 1 0 0 0 1 1 0 1
2016  8 10  7 41 39 861904  -10.007860  -75.535580    3657  13.0  0  1  6 15 0 0 1 1 0 0 1 1 1 0 1 0 0 0
2016  8 10  7 45 37 897552  -10.410370  -75.169280   10993   7.1  0  3  4  6 0 0 1 0 0 0 1 1 1 0 0 0 0 0
2016  8 10  7  0 47 529755  -10.627960  -75.162010    2975   4.1  0  2  6 15 0 0 1 1 0 0 1 1 0 0 1 0 0 1
2016  8 10  7  1 57  21600  -10.028280  -75.334050    4684   8.6  0  1  4  6 0 0 1 0 0 0 1 0 1 0 0 0 0 1
2016  8 10  7  3 42 741455  -10.020730  -75.348530    5129  12.4  0  2  4  6 0 0 1 1 0 0 1 0 0 0 1 0 0 0
2016  8 10  7  5 12  62647  -10.045160  -75.623700    4414  10.2  0 -3  5  8 0 0 1 1 0 0 1 1 0 0 1 0 0 0
2016  8 10  7  7 26 391397  -10.149170  -75.534280    3621  11.1  0  2  4  6 0 0 1 1 0 0 0 0 0 0 1 1 0 0
2016  8 10  7  9  3 608765  -10.002520  -75.273360    4279   5.9  0 -1  4  6 0 0 1 0 0 0 1 0 0 0 1 0 0 1
2016  8 10  8 10 34 611509  -10.254350  -75.439830    7237  19.8  0  1  5  7 0 0 1 1 0 0 1 0 1 0 1 0 0 0
2016  8 10  8 47 26 461522  -10.087730  -75.294310    8770  17.7  0  1  5  8 0 0 0 1 0 0 1 1 1 0 1 0 0 0
2016  8 10  8 50 17 556560  -10.357080  -75.038360    4813   4.8  0  0  4  6 0 0 1 0 0 0 1 1 0 0 1 0 0 0
2016  8 10  8 54  6 466465  -10.397900  -75.053850    4737  12.2  0  0  5  9 0 0 1 0 0 0 1 1 1 0 1 0 0 0
2016  8 10  8  4 20 758555  -10.204820  -75.438390    3414  13.0  0  1  6 15 0 0 1 1 0 0 1 1 0 0 1 0 0 1
2016  8 10  9 13 10 808576  -10.168030  -76.044050    6973   6.4  0  0  4  6 0 0 0 1 0 0 1 0 1 0 1 0 0 0
2016  8 10  9 13 54 284533  -10.294500  -75.476890    6716   2.8  0  1  4  6 0 0 0 1 0 0 1 1 0 0 1 0 0 0
2016  8 10  9 15  1 545988  -10.104100  -75.032910    8742  17.0  0  2  4  6 0 0 0 1 0 0 1 0 0 0 1 0 0 1
2016  8 10  9 16 49 716080  -10.001130  -75.001000    4696   3.2  0  0  4  6 0 0 1 1 0 0 1 1 0 0 0 0 0 0
2016  8 10  9 18 38 582256  -10.430890  -75.013900    4856  12.8  0  0  6 14 0 0 0 1 0 0 1 1 1 0 1 0 0 1
2016  8 10  9 18 45 704744  -10.056660  -75.918580    8283  12.7  0  2  4  6 0 0 0 1 0 0 1 1 0 0 1 0 0 0
2016  8 10  9 21 41 581494  -10.063800  -75.936820   13439   7.9  0  2  4  6 0 0 0 1 0 0 1 0 1 0 0 0 0 1
2016  8 10  9 21  5 885271  -10.415550  -76.058170   14275  13.8  0 -1  5  7 0 0 0 1 0 0 1 1 1 0 0 0 0 1
2016  8 10  9 29 26 182553  -10.142790  -75.815930    8494  14.0  0 -3  4  6 0 0 0 1 0 0 1 1 0 0 1 0 0 0
2016  8 10  9 34 29 350924  -10.133110  -75.573240    7668  11.3  0 -2  4  6 0 0 0 1 0 0 0 1 1 0 1 0 0 0
2016  8 10  9 37 34  20080  -10.268980  -75.008220    7227   9.6  0  1  4  6 0 0 0 1 0 0 0 1 1 0 1 0 0 0
2016  8 10  9 47  1 233611  -10.016960  -75.050960    2554   4.3  0 -1  6 15 0 0 1 1 0 0 0 1 0 0 1 1 0 1
2016  8 10  9 48 18 584690  -10.080840  -75.625080    6784   2.4  0  1  4  6 0 0 0 1 0 0 1 1 0 0 1 0 0 0
2016  8 10  9 49 17 896148  -10.203980  -75.165600    8752  16.4  0  0  4  6 0 0 0 1 0 0 1 1 0 0 1 0 0 0
2016  8 10  9 52 53 472718  -10.298190  -75.140390    7640  10.6  0  3  4  6 0 0 0 1 0 0 1 1 0 0 1 0 0 0
2016  8 10  9 53 10 130398  -10.149990  -75.352140    6771   3.2  0  1  4  6 0 0 0 1 0 0 1 1 0 0 1 0 0 0
2016  8 10  9 57 16 397177  -10.818300  -76.923960    6887   6.8  0 -3  4  6 0 0 0 1 1 0 0 0 0 1 0 1 0 0
2016  8 10  9  7 19 608882  -10.354630  -75.035260    4270  13.6  0  1  5 10 0 0 1 1 0 0 1 1 0 0 1 0 0 0
2016  8 11 20 15  1 626111  -11.790190  -75.726460    4291  18.2  0 -1  4  6 0 0 1 0 0 0 0 0 0 0 1 1 0 1
2016  8 11 20 23 16 560219  -11.574460  -76.601260    6551   0.4  0  0  4  6 0 0 0 1 0 0 0 0 1 0 1 0 0 1
2016  8 11 20 41 19 832815  -11.680920  -76.112050    4247   0.6  0 -2  4  6 0 0 1 1 0 0 0 1 0 0 0 0 0 1
2016  8 11 20 41 20 476784  -11.716260  -76.073520    3140   3.0  0  0  4  6 0 0 1 1 0 0 0 0 0 0 0 1 0 1
2016  8 11 20 44 52 745508  -11.569390  -76.034580    4434   4.8  0 -1  4  6 0 0 1 0 0 0 0 0 1 0 1 0 0 1
2016  8 11 20 48 24 760333  -11.806190  -75.713900    3801  12.1  0  0  4  6 0 0 1 0 0 0 0 0 0 0 1 1 0 1
2016  8 11 20 49 19 977064  -11.508610  -76.167490    4271  12.1  0 -1  5  9 0 0 1 1 0 0 0 0 1 1 0 0 0 1
2016  8 11 20 49 20  50173  -11.692780  -76.020890    3117   1.4  0 -2  4  6 0 0 1 1 0 0 0 0 0 0 0 1 0 1
2016  8 11 20 52 54 847127  -11.603860  -76.013060    4483   1.6  0  0  4  6 0 0 1 0 0 0 0 0 1 1 1 0 0 0
2016  8 11 20 54  6 323690  -11.444840  -76.095630    3599  12.8  0 -1  4  6 0 0 1 1 0 0 0 0 0 0 0 1 0 1
2016  8 11 20 58 10  49470  -10.270090  -76.706990    4524   5.5  0  0  4  6 0 0 1 0 0 0 0 1 0 0 1 0 0 1
2016  8 11 20 58  8  60138  -11.522070  -76.059330    4611   9.0  0  2  4  6 0 0 1 1 0 0 0 0 1 0 0 0 0 1
2016  8 11 21 10 23 966209  -11.685750  -75.086200    5009   8.8  0 -2  4  6 0 0 0 0 0 0 0 0 1 0 1 1 0 1
2016  8 11 21 11 50 560218  -11.855920  -75.842550    7927  11.0  0 -1  4  6 0 0 1 1 0 0 0 0 0 0 1 0 0 1
2016  8 11 21 11 50  50306  -11.714590  -75.973880    2917   7.8  0 -3  5 10 0 0 1 1 0 0 0 0 0 0 1 1 0 1
2016  8 11 21 17 51 202571  -11.842120  -75.819820    7410   6.8  0 -3  4  6 0 0 0 1 0 0 0 1 0 0 1 0 0 1
2016  8 11 21 21  0 145277  -11.128280  -76.978100    4800   1.0  0  0  4  6 0 0 1 1 0 0 0 1 1 0 0 0 0 0
2016  8 11 21 27 19 132954  -10.214500  -76.837270    5123  17.6  0  1  5 10 0 0 0 1 0 0 0 1 0 1 0 1 0 1
2016  8 11 21 40 51  76741  -10.067530  -76.631000    4393  15.5  0  0  5 10 0 0 1 1 0 0 0 1 0 0 1 0 0 1
2016  8 11 21 40 51   8327  -10.033960  -76.650120    2972  18.4  0 -1  6 15 0 0 1 1 0 0 0 1 1 0 0 1 0 1
2016  8 11 21 53 41 121762  -11.507590  -75.834690    6584   2.8  0  0  4  6 0 0 1 1 0 0 0 0 0 0 1 0 0 1
2016  8 11 21 54 22  11650  -11.204590  -76.056680    3776  11.1  0 -2  4  6 0 0 1 0 0 0 0 1 0 0 1 1 0 0
2016  8 11 21 54 27 192471  -10.082610  -76.721690    6152  15.4  0  3  4  6 0 0 1 1 0 0 0 1 0 0 1 0 0 0
2016  8 11 21 54 59 504450  -10.193540  -76.542560    3373   7.4  0  0  5  7 0 0 1 0 0 0 0 1 0 1 1 1 0 0
2016  8 11 21 54 59 542528  -10.125310  -76.517560    3478   2.2  0 -1  5 10 0 0 1 1 0 0 0 0 1 0 1 0 0 1
2016  8 11 21 57 25 904859  -10.263180  -76.313960    3274  16.0  0  1  5 10 0 0 1 0 0 0 0 1 0 0 1 1 0 1
2016  8 11 21 59 45 737963  -11.080640  -76.131610    4204   1.1  0 -1  4  6 0 0 1 0 0 0 0 1 0 0 1 0 0 1
2016  8 11 21 59 45 752655  -10.219800  -76.449910    4341  14.8  0  1  5 10 0 0 1 1 0 0 0 1 0 0 1 0 0 1
2016  8 11 21 59  5  17658  -10.171190  -76.409570    4044  12.8  0 -2  5 10 0 0 1 0 0 0 0 1 1 0 1 0 0 1
2016  8 11 21  3  1 104804  -11.493540  -76.145120    4232  17.2  0 -1  5 10 0 0 1 1 0 0 0 0 1 0 1 0 0 1
2016  8 11 21  3  1 125072  -11.673970  -75.941570    5090  10.2  0 -2  4  6 0 0 1 1 0 0 0 1 0 0 1 0 0 0
2016  8 11 21  3  1 320667  -11.834550  -75.797470    6543   2.7  0 -1  4  6 0 0 1 1 0 0 0 0 0 0 1 0 0 1
2016  8 11 21  4 34 412619  -11.964930  -75.679360    6490   2.6  0 -3  4  6 0 0 1 1 0 0 0 0 0 0 1 0 0 1
2016  8 11 21  4 53  37204  -10.123610  -76.839820    2908   4.0  0 -1  5 10 0 0 1 0 0 0 0 0 0 1 1 1 0 1
2016  8 11 21  4 53  55288  -10.128050  -76.872830    3056   9.9  0 -1  5 10 0 0 1 1 0 0 0 0 0 0 1 1 0 1
2016  8 11 21  6 41 275585  -11.596930  -76.151250    3699  18.8  0  0  6 15 0 0 1 1 0 0 0 1 1 0 1 0 0 1
2016  8 11 21  6 41 292404  -11.545630  -76.182270    4705  10.0  0  0  4  6 0 0 1 1 0 0 0 0 1 0 0 0 0 1
2016  8 11 21  6 41 327085  -11.574230  -76.147320    3797  10.7  0 -2  5 10 0 0 1 1 0 0 0 0 1 0 1 0 0 1
2016  8 11 22 12  6 996609  -11.116950  -76.120090    4510  17.8  0 -2  5 10 0 0 1 1 0 0 0 1 0 0 1 0 0 1
2016  8 11 22 16  4 921759  -11.017430  -76.128420    4526   6.7  0 -1  4  6 0 0 1 0 0 0 0 1 0 0 1 0 0 1
2016  8 11 22 16  5 136434  -10.905500  -76.575900    5692  10.4  0  0  5 10 0 0 0 1 0 0 0 1 1 0 1 0 0 1
2016  8 11 22 30  1 334918  -11.043910  -76.058660    6010  14.6  0  1  4  6 0 0 1 0 0 0 0 1 1 0 1 0 0 0
2016  8 11 22 32 51 161002  -11.027790  -76.260890    4748  14.2  0 -2  4  6 0 0 0 1 0 0 0 1 0 0 1 1 0 0
2016  8 11 22 33 42 220943  -11.319260  -76.036640    3142  14.9  0  0  5 10 0 0 1 1 0 0 0 1 0 0 0 1 0 1
2016  8 11 22 33 42 266058  -11.343450  -75.991840    3754  19.3  0  0  6 15 0 0 1 1 0 0 0 1 1 0 1 0 0 1
2016  8 11 22 33 42 304621  -11.424990  -75.898560    4174  14.6  0 -2  5 10 0 0 1 1 0 0 0 1 0 0 1 0 0 1
2016  8 11 22 33 42  31677  -11.367660  -76.129710    3062  12.5  0 -1  7 20 0 0 0 1 0 0 0 1 1 1 1 1 0 1
2016  8 11 22 33 42  73818  -11.328080  -76.040010    2980  17.3  0  0  6 15 0 0 1 1 0 0 0 1 1 0 1 1 0 0
2016  8 11 22 37 25 407733  -11.421880  -75.834740    4072  14.5  0  1  4  6 0 0 1 0 0 0 0 0 1 0 0 1 0 1
2016  8 11 22 38 15 135531  -11.010230  -76.000980    3588   9.7  0  1  5  7 0 0 1 0 0 0 0 0 1 0 1 1 0 1
2016  8 11 22 52 14 705631  -11.071310  -75.992290    4753  15.1  0 -2  5  7 0 0 1 0 0 0 0 1 1 0 1 0 0 1
2016  8 11 22 52 15  57873  -11.077100  -75.975460    4196   1.5  0  1  4  6 0 0 1 0 0 0 0 1 0 0 1 0 0 1
2016  8 11 22 53 21 241797  -10.981380  -76.066330    2846  12.9  0  0  6 15 0 0 1 1 0 0 0 0 1 0 1 1 0 1
2016  8 11 22 53 21 522996  -10.922530  -76.157010    4794  11.0  0  2  4  6 0 0 1 1 0 0 0 0 1 0 0 0 0 1
2016  8 11 22  7 49  88742  -11.032000  -76.160790    3734  13.0  0  0  4  6 0 0 1 0 0 0 0 1 0 0 0 1 0 1
2016  8 11 23 15 26 698615  -11.433100  -75.886710    7980  10.9  0 -3  4  6 0 0 1 1 0 0 0 0 0 0 1 0 0 1
2016  8 11 23 23 38 571136  -11.260610  -75.996430    3565   7.1  0 -1  5 10 0 0 1 0 1 0 0 0 1 1 0 0 0 1
2016  8 11 23 34 45 811121  -11.120570  -76.028080    6601   1.4  0  1  4  6 0 0 1 1 0 0 0 0 0 0 1 0 0 1
2016  8 11 23 35 13 347896  -11.138540  -75.799730    3765   9.9  0 -1  4  6 0 0 1 0 0 0 0 0 1 0 0 1 0 1
2016  8 11 23 37 23 107288  -10.783780  -76.350320    3618   7.2  0 -2  5 10 0 0 1 1 0 0 0 0 1 0 1 0 0 1
2016  8 11 23 44 57 435750  -10.834270  -76.193800    5116  13.4  0 -1  4  6 0 0 1 0 0 0 0 0 1 0 1 0 0 1
2016  8 11 23  0 35 299055  -10.871420  -76.210520    3179  10.6  0 -1  5 10 0 0 1 0 0 0 0 0 1 0 1 1 0 1
2016  8 11 23  1 25 440020  -11.308360  -75.960400    2908  16.4  0 -2  6 15 0 0 1 0 1 0 0 1 1 0 0 1 0 1
2016  8 11 23  1 25 457614  -11.298000  -75.984180    3329  16.7  0  0  5 10 0 0 1 0 0 0 0 1 1 0 0 1 0 1
2016  8 11 23  4  0 558224  -11.256620  -76.154840    4141  13.8  0 -3  5 10 0 0 1 1 0 0 0 1 0 0 1 0 0 1
2016  8 11 23  5 57  84943  -11.499010  -75.804020    6978   5.7  0  0  4  6 0 0 1 1 0 0 0 0 0 0 1 0 0 1
2016  8 11 23  8 22 695837  -11.238020  -76.128470    2790  13.1  0 -1  6 15 0 0 1 1 0 0 0 1 0 0 1 1 0 1
2016  8 11 23  8 22 879041  -11.254930  -76.110720    5856  15.0  0 -3  4  6 0 0 1 1 0 0 0 1 0 0 1 0 0 0
2016  8 11  0 18 42 443768  -10.741920  -76.416100    4561   6.9  0 -1  4  6 0 0 1 0 0 0 0 0 1 0 1 0 0 1
2016  8 11  0 23 23 565032  -10.797640  -76.317040    5749  18.7  0 -1  4  6 0 0 1 0 0 0 0 0 1 0 1 0 0 1
2016  8 12 18 31 44 193027  -11.919130  -75.153070    5660  15.0  0 -3  4  6 0 0 1 1 0 0 0 1 0 0 1 0 0 0
2016  8 12 18 36 32 639327  -11.898520  -75.119270    4174  15.7  0  0  5 10 0 0 1 1 0 0 0 1 0 0 1 0 0 1
2016  8 12 18 36 32 646847  -11.899030  -75.113570    4182  15.8  0 -2  5 10 0 0 1 1 0 0 0 1 0 0 1 0 0 1
2016  8 12 18 48  1 706733  -10.488600  -75.490360    4743   6.2  0  0  5 10 0 0 0 0 1 0 0 0 1 1 0 1 0 1
2016  8 12 18 51 11 230620  -10.544330  -75.981200    2742  11.8  0  0  6 15 0 0 1 1 0 0 0 1 0 0 1 1 0 1
2016  8 12 18 51 11 412570  -11.143650  -76.003080    5000  10.3  0  0  4  6 0 0 1 1 0 0 0 1 0 0 0 0 0 1
2016  8 12 19 10 13 496442  -11.298620  -75.725290    8105  11.4  0  0  4  6 0 0 1 1 0 0 0 0 0 0 1 0 0 1
2016  8 12 19 10 23 759956  -11.161260  -75.972090    4768   8.5  0  0  4  6 0 0 1 1 0 0 0 1 0 0 0 0 0 1
2016  8 12 19 10 23 881958  -11.148770  -75.984950    4676   7.5  0 -2  4  6 0 0 1 1 0 0 0 1 0 0 0 0 0 1
2016  8 12 19 11 31 284324  -11.228520  -75.862860    3347   3.1  0 -2  4  6 0 0 1 0 0 0 0 1 0 0 1 1 0 0
2016  8 12 19 12 48 371799  -11.115360  -76.423230    8112   8.6  0  0  4  6 0 0 0 1 0 0 0 1 0 0 1 0 0 1
2016  8 12 19 12 48 833942  -11.536660  -75.678260    6498   1.9  0 -3  4  6 0 0 1 1 0 0 0 0 0 0 1 0 0 1
2016  8 12 19 12 48 865470  -11.213060  -76.003560    3644  13.2  0 -1  4  6 0 0 1 1 0 0 0 0 0 0 0 1 0 1
2016  8 12 19 13 56 940346  -11.209940  -75.936420    4343  16.4  0 -2  5 10 0 0 1 1 0 0 0 1 0 0 1 0 0 1
2016  8 12 19 13 57 106482  -11.206330  -75.929240    4427  17.1  0 -1  5 10 0 0 1 1 0 0 0 1 0 0 1 0 0 1
2016  8 12 19 13 57 160299  -11.226670  -75.857910    4241   3.3  0  0  4  6 0 0 1 0 0 0 0 1 0 0 1 0 0 1
2016  8 12 19 13 57  28326  -11.168180  -76.004290    5807  14.6  0  0  4  6 0 0 1 1 0 0 0 1 0 0 1 0 0 0
2016  8 12 19 16 14 541740  -11.135960  -75.971810    2806   6.3  0  0  5 10 0 0 1 1 0 0 0 1 0 0 0 1 0 1
2016  8 12 19 17 19 357308  -10.441460  -76.099580    4297  14.0  0  0  5 10 0 0 1 1 0 0 0 1 1 0 1 0 0 0
2016  8 12 19 17 19   1718  -10.463540  -76.001810    3357  12.0  0  0  6 15 0 0 1 1 0 0 0 1 1 0 1 0 0 1
2016  8 12 19 21 48 184004  -11.266310  -75.605050    4207  17.0  0 -2  4  6 0 0 1 0 0 0 0 0 0 0 1 1 0 1
2016  8 12 19 22 27 971262  -11.734550  -76.026310    6949  16.2  0 -2  5  9 0 0 0 1 0 0 0 1 1 0 1 0 0 1
2016  8 12 19 22 28  10426  -11.804650  -75.695060    2810   5.1  0 -3  5 10 0 0 1 1 0 0 0 1 0 0 1 1 0 0
2016  8 12 19 22 58  79999  -11.836140  -75.642400    5287  17.6  0 -2  4  6 0 0 0 0 0 0 0 1 0 0 1 1 0 1
2016  8 12 19 23 32  45284  -11.148550  -75.901790    2770  19.9  0  0  7 21 0 0 1 1 0 0 0 1 1 0 1 1 0 1
2016  8 12 19 23 50 785891  -11.833180  -75.653670    3862  19.8  0 -1  6 14 0 0 1 0 0 0 0 1 1 1 1 0 0 1
2016  8 12 19 42  7 446421  -11.987790  -75.455350    6413   1.8  0  0  4  6 0 0 1 1 0 0 0 0 0 0 1 0 0 1
2016  8 12 19 48 19 713109  -11.750030  -75.783960    4644   8.1  0 -3  4  6 0 0 0 1 0 0 0 0 0 0 1 1 0 1
2016  8 12 19 59 46 427429  -11.799450  -75.602690    3293   1.2  0 -1  4  6 0 0 1 0 0 0 0 0 0 0 1 1 0 1
2016  8 12 19  0 10 986451  -10.444580  -75.907300    3786  11.3  0  0  5 10 0 0 1 0 1 0 0 0 1 1 1 0 0 0
2016  8 12 19  7 16 125748  -10.457900  -76.107110    4373  16.4  0  0  5 10 0 0 1 1 0 0 0 1 1 0 1 0 0 0
2016  8 12 20 22 22 620736  -10.260160  -75.937230    6657   1.5  0 -3  4  6 0 0 1 1 0 0 0 0 0 0 1 0 0 1
2016  8 12 20 24 32  77065  -10.733250  -75.805890    3660  11.6  0 -3  6 15 0 0 0 1 1 0 0 0 0 1 1 1 0 1
2016  8 12 20 28 22 455261  -11.526170  -75.412400    8829  14.7  0 -3  4  6 0 0 1 1 0 0 0 0 0 0 1 0 0 1
2016  8 12 20 42  6 448788  -10.897120  -75.756710    4816  11.1  0  2  4  6 0 0 1 0 0 0 0 0 1 0 1 0 0 1
2016  8 12 20 47  1 676497  -10.846800  -75.865250    4404   5.3  0 -1  4  6 0 0 1 0 0 0 0 0 1 0 1 0 0 1
2016  8 12 20 49 43 207557  -10.465910  -75.350950    6864   5.0  0  0  4  6 0 0 1 1 0 0 0 0 0 0 1 0 0 1
2016  8 12 20 51 32 602156  -10.017320  -76.167760    6001  18.8  0  0  4  6 0 0 1 1 0 0 0 0 1 0 1 0 0 0
2016  8 12 20 53 42  17482  -10.443450  -75.744020    6893   4.8  0 -3  4  6 0 0 1 1 0 0 0 0 0 0 1 0 0 1
2016  8 12 20 53 42  53853  -10.453970  -75.738660    6873   4.4  0  2  4  6 0 0 1 1 0 0 0 0 0 0 1 0 0 1
2016  8 12 20 57 19 522393  -10.999360  -75.742400    3653  11.6  0  0  4  6 0 0 1 1 0 0 0 0 0 0 1 1 0 0
2016  8 12 20 57 20 157392  -11.000090  -75.756200    3852  14.2  0 -2  4  6 0 0 1 1 0 0 0 0 0 0 1 1 0 0
2016  8 12 20 58 54 279274  -10.189020  -75.764830    4690   9.7  0  0  4  6 0 0 1 0 0 0 0 0 1 0 1 0 0 1
2016  8 12 21 10 29 613017  -10.623500  -75.562840    3147   3.4  0 -3  4  6 0 0 1 1 0 0 0 0 0 0 0 1 0 1
2016  8 12 21 13 23 681351  -10.817890  -75.780460    4659   8.3  0 -1  4  6 0 0 1 0 0 0 0 0 1 0 1 0 0 1
2016  8 12 21 13 23  20188  -10.919080  -75.703350    3147   3.4  0 -3  4  6 0 0 1 1 0 0 0 0 0 0 0 1 0 1
2016  8 12 21 16  3 424438  -11.199740  -75.233440    6502   2.7  0  2  4  6 0 0 1 1 0 0 0 0 0 0 1 0 0 1
2016  8 12 21 16  5 988619  -10.870590  -75.829280    3567  18.0  0  0  6 15 0 0 1 1 1 0 0 0 1 0 1 0 0 1
2016  8 12 21 20 14 682597  -10.917010  -75.421530    6712   4.0  0  0  4  6 0 0 1 1 0 0 0 0 0 0 1 0 0 1
2016  8 12 21 23 28 707078  -10.410780  -75.752880    4288   1.8  0  2  4  6 0 0 1 0 0 0 0 0 1 0 1 0 0 1
2016  8 12 21 23 28 858366  -10.569590  -75.798230    3303  15.8  0 -1  5 10 0 0 1 1 0 0 0 0 0 0 1 1 0 1
2016  8 12 21 23  3 343049  -11.213070  -75.454570    8880  14.5  0 -2  4  6 0 0 1 1 0 0 0 0 0 0 1 0 0 1
2016  8 12 21 23  3  82427  -11.153760  -75.513890    3897  10.9  0  0  5  9 0 0 1 1 0 0 0 0 1 0 1 0 0 1
2016  8 12 21 23  3   7623  -11.177310  -75.478070    8202  11.8  0  1  4  6 0 0 1 1 0 0 0 0 0 0 1 0 0 1
2016  8 12 21 25 41 186482  -11.001390  -75.587620    3997  14.3  0 -3  4  6 0 0 1 0 0 0 0 0 0 0 1 1 0 1
2016  8 12 21 29  4 719898  -10.869400  -75.668250    5355  14.6  0 -1  4  6 0 0 0 1 0 0 0 0 0 0 1 1 0 1
2016  8 12 21 39 12 977124  -10.988620  -75.635660    6516   1.1  0  1  4  6 0 0 1 1 0 0 0 0 0 0 1 0 0 1
2016  8 12 21 39 13  28817  -10.908890  -75.733790    3333   2.0  0 -2  4  6 0 0 1 0 0 0 0 0 0 0 1 1 0 1
2016  8 12 22 22 59 650862  -10.455770  -76.536300    9166  14.1  0 -2  4  6 0 0 1 1 0 0 0 0 0 0 1 0 0 1
2016  8 12 22 22 59 667080  -10.468400  -76.491270    9211  14.4  0 -3  4  6 0 0 1 1 0 0 0 0 0 0 1 0 0 1
2016  8 12 22 22 59 692122  -10.427110  -76.518380    3366  13.9  0  0  5 10 0 0 1 0 0 0 0 0 1 0 1 1 0 1
2016  8 12 22 33 44 733964  -10.554770  -76.244000   10018  17.4  0  3  4  6 0 0 1 1 0 0 0 0 0 0 1 0 0 1
2016  8 12 22 33 44 873427  -10.600320  -76.246600   10658  19.2  0  1  4  6 0 0 1 1 0 0 0 0 0 0 1 0 0 1
2016  8 12 22 37  6 366487  -10.006810  -76.781760    3348  12.1  0  0  5 10 0 0 1 0 1 0 0 0 1 0 1 1 0 0
2016  8 12 22 37  6 383408  -10.490710  -76.466770    7407   7.0  0  0  4  6 0 0 1 1 0 0 0 0 0 0 1 0 0 1
2016  8 12 22 41 52 213727  -10.500940  -76.381530    2881  13.4  0 -1  6 15 0 0 1 1 0 0 0 0 1 0 1 1 0 1
2016  8 12 22 41 52 221565  -10.496550  -76.381050    2924  14.9  0 -2  6 15 0 0 1 1 0 0 0 0 1 0 1 1 0 1
2016  8 12 22 45 56  55469  -10.683960  -76.150660    8357  11.7  0  2  4  6 0 0 1 1 0 0 0 0 0 0 1 0 0 1
2016  8 12 22 49 17 856882  -10.916950  -75.961690    5638  18.0  0 -2  4  6 0 0 1 0 0 0 0 0 1 0 1 0 0 1
2016  8 12 22 49  4   7784  -10.790380  -75.973240    4338  17.9  0  0  4  6 0 0 1 0 0 0 0 0 1 0 0 1 0 1
2016  8 12 22 55  1 569261  -10.952670  -76.055360    6849   4.3  0  3  4  6 0 0 1 1 0 0 0 0 0 0 1 0 0 1
2016  8 12 22 56  4 883484  -10.651930  -76.276130    3271  11.6  0 -1  5 10 0 0 1 0 0 0 0 0 1 0 1 1 0 1
2016  8 12 22 57 52  39530  -11.864510  -75.758210    2975   4.3  0 -1  5 10 0 0 1 0 0 0 0 0 1 0 1 1 0 1
2016  8 12 22 58 35 842798  -11.225040  -75.819460    4303  17.6  0  0  4  6 0 0 1 0 0 0 0 0 1 0 0 1 0 1
2016  8 12 23 10  8 470895  -11.431210  -75.853270    4826  11.0  0 -1  4  6 0 0 1 0 0 0 0 0 1 0 1 0 0 1
2016  8 12 23 10  8 493403  -11.568620  -75.737980    4088  15.6  0 -3  4  6 0 0 1 0 0 0 0 0 0 0 1 1 0 1
2016  8 12 23 10  8 569999  -11.566530  -75.733790    4004  14.6  0 -1  4  6 0 0 1 0 0 0 0 0 0 0 1 1 0 1
2016  8 12 23 16 35 170115  -11.374230  -76.228880    3313  16.3  0 -1  7 21 0 0 0 1 1 0 0 0 1 1 1 1 0 1
2016  8 12 23 16 35 215924  -11.358540  -76.178640    2820  13.4  0 -1  6 15 0 0 1 1 0 0 0 0 1 0 1 1 0 1
2016  8 12 23 16 35 407397  -11.468620  -76.084650    9171  15.1  0 -1  4  6 0 0 1 1 0 0 0 0 0 0 1 0 0 1
2016  8 12 23 16 48 132107  -10.714030  -75.805780    4903   5.3  0  3  4  6 0 0 0 0 0 0 0 0 1 0 1 1 0 1
2016  8 12 23 16 48  57208  -10.778230  -76.057950    3798  10.7  0 -2  4  6 0 0 1 0 0 0 0 0 0 0 1 1 0 1
2016  8 12 23 18 30 513853  -10.260700  -76.681670    3901  11.9  0  1  4  6 0 0 1 0 0 0 0 0 0 0 1 1 0 1
2016  8 12 23 29  9 278743  -11.858570  -75.986280    3820  11.4  0 -2  5 10 0 0 1 1 0 0 0 0 1 0 1 0 0 1
2016  8 12 23 35 58 939590  -10.501680  -76.704590    2761  18.7  0 -1  7 21 0 0 1 1 0 0 0 1 1 0 1 1 0 1
2016  8 12 23 35 58 962268  -10.510540  -76.741100    4098  11.9  0 -2  5 10 0 0 1 1 0 0 0 1 0 0 1 0 0 1
2016  8 12 23 43 17 560859  -11.613130  -76.122720    4026   9.5  0 -1  5  9 0 0 1 1 0 0 0 1 0 0 1 0 0 1
2016  8 12 23 43 17 568656  -11.766400  -75.976070    6538   1.7  0 -2  4  6 0 0 1 1 0 0 0 0 0 0 1 0 0 1
2016  8 12 23 43 17 818629  -11.583880  -76.160700    4864   9.0  0 -2  4  6 0 0 1 1 0 0 0 1 0 0 0 0 0 1
2016  8 12 23 49  8 133461  -11.960100  -75.798510    2741   3.4  0 -3  5 10 0 0 1 1 0 0 0 1 0 0 0 1 0 1
2016  8 12 23 56  3 280780  -10.581040  -76.564000    2809  12.0  0  0  6 15 0 0 1 0 1 0 0 0 0 1 1 1 0 1
2016  8 12 23 57  8 791494  -10.501180  -75.500700    2903   7.5  0 -3  5 10 0 0 1 1 0 0 0 0 0 0 1 1 0 1
2016  8 12 23 57  8 822696  -10.513790  -75.506200    2882   7.0  0 -1  5 10 0 0 1 1 0 0 0 0 0 0 1 1 0 1
2016  8 12 23 59 31 393367  -10.450930  -75.411900    3289  19.5  0 -3  7 21 0 0 0 1 1 0 0 1 1 0 1 1 0 1
2016  8 12 23  0 12 796377  -10.664690  -76.043980    5751  18.8  0  0  4  6 0 0 1 0 0 0 0 0 1 0 1 0 0 1
2016  8 12 23  1 22 737327  -11.385330  -76.078970    2836  19.6  0 -1  7 21 0 0 1 0 1 0 0 0 1 1 1 1 0 1
2016  8 12 23  1 22 777098  -11.480770  -76.419860    5216  12.4  0 -1  4  6 0 0 0 1 0 0 0 0 0 0 1 1 0 1
2016  8 12 23  2 20 318031  -11.227140  -75.198190    4663   9.1  0 -2  4  6 0 0 1 0 0 0 0 0 1 0 1 0 0 1
2016  8 12 23  3 26 668265  -11.155310  -75.459400    3847   9.6  0  0  5  9 0 0 1 1 0 0 0 0 1 0 1 0 0 1
2016  8 12 23  4 42 321898  -11.208290  -75.377650    3526   3.0  0 -3  5  9 0 0 1 0 1 0 0 0 1 0 1 0 0 1
2016  8 12 23  4 47 133048  -11.177220  -76.035710    3676   9.8  0 -3  4  6 0 0 1 0 0 0 0 0 0 0 1 1 0 1
2016  8 12 23  5 18 290600  -11.347790  -76.193120    2644  11.1  0  0  7 20 0 0 1 0 1 0 0 0 1 1 1 1 0 1
2016  8 12 23  5 18 316251  -11.334260  -76.197940    4315   3.4  0 -2  4  6 0 0 1 1 1 0 0 0 1 0 0 0 0 0
2016  8 12 23  5 18 324322  -11.260790  -76.307660    6738   3.3  0  0  4  6 0 0 1 1 0 0 0 0 0 0 1 0 0 1
2016  8 12 23  5 18 504284  -11.310250  -76.262180    6620   1.7  0  0  4  6 0 0 1 1 0 0 0 0 0 0 1 0 0 1
2016  8 12 23  5 19 851107  -11.273640  -75.406120    6794   5.0  0  3  4  6 0 0 1 1 0 0 0 0 0 0 1 0 0 1
2016  8 12 23  7 50 295049  -11.790650  -75.792330    6887   5.4  0 -1  4  6 0 0 1 1 0 0 0 0 0 0 1 0 0 1
2016  8 12 23  7  0 936687  -11.141170  -75.266670    4003  19.5  0 -3  6 15 0 0 0 1 1 0 0 0 1 0 1 1 0 1
2016  8 12 23  8 47 441020  -10.627660  -76.411750    3437  19.0  0  1  5 10 0 0 1 1 0 0 0 0 0 0 1 1 0 1
2016  8 13 20 10 58 660227  -10.288340  -75.613430   10354  18.7  0  1  4  6 0 0 1 1 0 0 0 0 0 0 1 0 0 1
2016  8 13 20 11 27 925447  -10.976500  -75.932700    4398  19.5  0  2  5 10 0 0 1 1 0 0 0 0 1 0 1 0 0 1
2016  8 13 20 14 54 623921  -11.155050  -75.476280    4344   4.1  0 -1  4  6 0 0 1 0 0 0 0 0 1 0 1 0 0 1
2016  8 13 20 30 38 749400  -10.563880  -75.684760    4043  15.2  0  1  5 10 0 0 1 1 0 0 0 1 1 0 0 0 0 1
2016  8 13 20 43 58 681378  -10.959130  -75.664220    7413   8.4  0  0  4  6 0 0 1 1 0 0 0 0 0 0 1 0 0 1
2016  8 13 20 52 36 547799  -10.880360  -75.259800    8725  13.9  0  1  4  6 0 0 1 1 0 0 0 0 0 0 1 0 0 1
2016  8 13 21 15 13 129553  -10.902920  -75.513500    5639  16.0  0 -1  4  6 0 0 1 0 0 0 0 1 0 0 1 0 0 1
2016  8 13 21 15 13 161219  -10.904720  -75.515370    5632  16.1  0 -1  4  6 0 0 1 0 0 0 0 1 0 0 1 0 0 1
2016  8 13 21 15 13  84648  -10.911000  -75.365490    4592  12.1  0  0  4  6 0 0 0 0 0 0 0 1 0 0 1 1 0 1
2016  8 13 21 18  3  19636  -10.922280  -75.112190    4797  14.0  0  1  4  6 0 0 0 0 0 0 0 1 0 0 1 1 0 1
2016  8 13 21 21 15 226978  -10.913470  -75.567080    5238  13.3  0  0  4  6 0 0 1 0 0 0 0 1 0 0 1 0 0 1
2016  8 13 21 23  2 203622  -10.719410  -75.901220    2914   7.2  0 -1  5 10 0 0 1 0 0 0 0 1 0 0 1 1 0 1
2016  8 13 21 24 53 956567  -10.875530  -75.647370    4225   2.4  0  1  4  6 0 0 1 0 0 0 0 1 0 0 1 0 0 1
2016  8 13 21 24 53 964383  -10.872700  -75.645930    4171   0.5  0  1  4  6 0 0 1 0 0 0 0 1 0 0 1 0 0 1
2016  8 13 21 27 41 114548  -10.081360  -76.495220    4078  14.3  0  2  4  6 0 0 1 0 0 0 0 0 0 0 1 1 0 1
2016  8 13 21 30 59 229750  -10.633200  -75.428790    4925  10.6  0 -2  4  6 0 0 1 0 0 0 0 1 0 0 1 0 0 1
2016  8 13 21 34 29 487819  -10.679290  -75.472010    2875   7.4  0 -1  5 10 0 0 1 1 0 0 0 1 0 0 1 1 0 0
2016  8 13 21 36 36 758621  -10.625120  -75.375640    5427  12.2  0  1  4  6 0 0 1 1 0 0 0 1 0 0 1 0 0 0
2016  8 13 21 43 15 531790  -10.044970  -76.788160    5533  14.7  0  0  5  7 0 0 1 1 0 0 0 1 1 0 1 0 0 0
2016  8 13 21 49 16 674433  -11.881330  -75.402930    3706  10.3  0 -2  4  6 0 0 1 0 0 0 0 1 0 0 1 1 0 0
2016  8 13 21 53 54 488844  -11.811510  -75.484120    3724  10.7  0  0  4  6 0 0 1 0 0 0 0 1 0 0 1 1 0 0
2016  8 13 21 59 17  37456  -11.829460  -75.572050    4182   1.1  0 -1  4  6 0 0 1 1 1 0 0 1 0 0 0 0 0 0
2016  8 13 22 13 52  20600  -10.008760  -76.650430    3645  19.9  0 -2  5 10 0 0 1 1 0 0 0 0 1 0 1 1 0 0
2016  8 13 22 18 15 331802  -10.142500  -76.461960    3677  15.5  0  3  6 14 0 0 1 1 1 0 0 0 1 1 1 0 0 0
2016  8 13 22 18 55 380000  -10.159130  -76.545230    5848  13.6  0  0  4  6 0 0 1 1 0 0 0 1 0 0 1 0 0 0
2016  8 13 22 36 30 884869  -10.781730  -75.560210    3444  16.1  0  1  5  9 0 0 1 1 0 0 0 0 1 0 1 1 0 0
2016  8 13 22 36 30 893544  -10.782850  -75.557520    3431  15.8  0  0  5  9 0 0 1 1 0 0 0 0 1 0 1 1 0 0
2016  8 13 22 43 27  10820  -11.952960  -75.292370    5721  15.3  0 -2  4  6 0 0 1 1 0 0 0 1 0 0 1 0 0 0
2016  8 13 22 45 24  19961  -11.770130  -75.603000    5206  13.1  0 -2  4  6 0 0 1 1 0 0 0 0 1 0 1 0 0 0
2016  8 13 22 50 39 160408  -10.010800  -76.647080    2906  13.7  0  0  6 15 0 0 1 0 1 0 0 1 0 1 1 1 0 0
2016  8 13 22 55 14 127017  -11.885670  -75.526280    4253  19.8  0 -3  4  6 0 0 1 1 0 0 0 0 0 0 1 1 0 0
2016  8 13 22 56 28 758724  -10.052770  -75.123910    4349   3.1  0 -2  4  6 0 0 1 1 0 0 0 0 1 1 0 0 0 0
2016  8 13 23 16 47 102103  -10.481840  -76.143180    4243  10.8  0  0  4  6 0 0 1 0 0 0 0 0 1 0 1 1 0 0
2016  8 13 23  5 37  73122  -10.244410  -76.181180    3322   0.7  0 -2  4  6 0 0 1 0 0 0 0 1 0 0 1 1 0 0
2016  8 13 23  5 37  81642  -10.242550  -76.181810    3322   0.6  0  0  4  6 0 0 1 0 0 0 0 1 0 0 1 1 0 0
2016  8 13  0 27 13 283771  -10.885290  -76.217040    6935   4.7  0 -2  4  6 0 0 1 1 0 0 0 0 0 0 1 0 0 1
2016  8 13  0 39  2 987451  -10.647110  -76.415420    3343   0.3  0  1  4  6 0 0 1 0 0 0 0 0 0 0 1 1 0 1
2016  8 13  0 51 40  59881  -10.707560  -75.758590    4864   4.0  0 -3  4  6 0 0 0 0 0 0 0 0 1 0 1 1 0 1
2016  8 13  0  6 48 500607  -10.519190  -75.366550    3018  10.2  0  3  5 10 0 0 1 0 0 0 0 1 0 0 1 1 0 1
2016  8 13  0  9 56 109058  -10.413280  -75.481090    4252   0.4  0 -2  4  6 0 0 1 0 0 0 0 0 1 0 1 0 0 1
2016  8 14 23 21  2 801167  -11.967990  -75.179540    4024  16.3  0  0  4  6 0 0 1 1 0 0 0 0 1 0 0 1 0 0
2016  8 14 23 53 42 169729  -10.021600  -76.475060    3410   6.5  0 -2  4  6 0 0 1 0 1 0 0 1 0 0 0 1 0 0
2016  8 14  0 14 18 101867  -10.137280  -76.167430    4566  14.6  0 -3  4  6 0 0 1 0 0 0 0 0 1 0 1 1 0 0
2016  8 14  0 17 55 506083  -10.232190  -75.941220    4368  12.4  0 -2  4  6 0 0 1 0 0 0 0 0 1 0 1 1 0 0
2016  8 14  0 31 38 555434  -10.456710  -75.892470    5897  16.7  0  0  5  7 0 0 0 0 1 0 0 1 1 1 0 1 0 0
2016  8 14  0 40  4 610138  -10.486350  -76.269750    3809  11.4  0  0  4  6 0 0 1 0 0 0 0 1 0 0 1 1 0 0
2016  8 14  1 12  4  86729  -11.960990  -75.035770    5079  17.6  0  0  5  9 0 0 1 1 0 0 0 1 1 0 1 0 0 0
2016  8 14  1 31 43 194743  -10.320610  -75.730700    4072   9.0  0  3  4  6 0 0 1 0 0 0 0 0 1 0 1 1 0 0
2016  8 14  1 52 47 701163  -10.582780  -76.156190    3049  16.2  0 -1  6 14 0 0 1 1 0 0 0 1 1 0 1 1 0 0
2016  8 14  1  2 58 968274  -10.975090  -76.255610    4119  14.9  0  0  5  7 0 0 1 1 0 0 0 1 0 0 1 1 0 0
2016  8 15 19 30  7 639788  -10.645650  -75.218830    4285   2.6  0 -1  4  6 0 0 0 1 0 0 0 0 0 1 1 1 0 0
2016  8 15 21 30  7  48514  -10.746530  -76.336000    3838  11.5  0  0  5 10 0 0 1 1 0 0 0 0 1 0 1 0 0 1
2016  8 15 21 55 54 239928  -11.920920  -75.491310    3641   9.8  0  0  4  6 0 0 1 0 0 0 0 0 0 0 1 1 0 1
2016  8 15 22 17 55 131134  -11.395850  -75.990220    3549   1.0  0 -3  5 10 0 0 0 1 1 0 0 0 0 0 1 1 0 1
2016  8 15 23 11 17 162476  -11.675660  -76.009890    3687  19.7  0  0  5  9 0 0 1 1 0 0 0 1 0 0 1 1 0 0
2016  8 15 23  7 28 383949  -11.697650  -75.862370    4603  16.7  0 -1  5  9 0 0 1 0 1 0 0 1 1 0 1 0 0 0
2016  8 16 19 41 40 122895  -10.614720  -76.284060    3689  19.8  0  1  6 15 0 0 1 1 1 0 0 0 1 0 1 0 0 1
2016  8 16 20 49 23 206282  -11.343130  -75.222310    7175   7.8  0  2  4  6 0 0 1 1 0 0 0 0 0 0 1 0 0 1
2016  8 16 21  7 31  59756  -10.465770  -75.762080    3437   7.8  0  2  4  6 0 0 1 1 0 0 0 0 0 0 1 1 0 0
2016  8 16  8 11  2 722965  -11.622190  -75.134910    2529  10.7  0 -1  7 21 0 0 1 0 1 0 0 1 0 1 1 1 0 1
2016  8 17 16 40 33 974305  -11.055380  -76.040600    8401  14.0  0  0  4  6 0 0 0 1 0 0 1 1 0 0 1 0 0 0
2016  8 17 18 55 20 266763  -10.061660  -76.240750   14248   4.8  0  2  4  6 0 0 0 0 0 0 1 1 1 0 1 0 0 0
2016  8 17 19 10 28 195577  -10.166340  -75.355460    5215   1.3  0  0  5  9 0 0 0 1 0 0 1 1 1 0 1 0 0 0
2016  8 17 19 10  7    680  -10.067540  -75.070470    4788   5.4  0  1  4  6 0 0 1 1 0 0 1 1 0 0 0 0 0 0
2016  8 17 19 11 19 300141  -10.224370  -75.067850    7275   9.5  0  0  4  6 0 0 0 1 0 0 0 1 1 0 1 0 0 0
2016  8 17 19 16 23 682328  -10.180080  -75.106510    8715  16.7  0  1  4  6 0 0 0 1 0 0 1 1 0 0 1 0 0 0
2016  8 17 19 16 27 307194  -10.103170  -75.579960    8328  13.7  0  2  4  6 0 0 0 1 0 0 1 1 0 0 1 0 0 0
2016  8 17 19 20  4 264736  -10.133560  -75.541990    7864  11.2  0  1  4  6 0 0 0 1 0 0 1 1 0 0 1 0 0 0
2016  8 17 19 20  4 300978  -10.131390  -75.550930    7807  11.0  0  3  4  6 0 0 0 1 0 0 1 1 0 0 1 0 0 0
2016  8 17 19 20  8 466631  -10.005670  -76.118430    7517   7.7  0  2  4  6 0 0 0 1 0 0 1 1 0 0 1 0 0 0
2016  8 17 19 29 42 160248  -10.282700  -75.582760    7469   9.2  0  1  4  6 0 0 0 1 0 0 1 1 0 0 1 0 0 0
2016  8 17 19  0 18 166868  -10.134250  -75.023520    6570   2.4  0  3  4  6 0 0 0 1 0 0 1 1 0 0 1 0 0 0
2016  8 17 19  8  5 959455  -10.232140  -75.514500    6721   2.4  0  0  4  6 0 0 0 1 0 0 1 1 0 0 1 0 0 0
2016  8 17 19  9 42 820257  -10.351380  -75.483520   12461   3.8  0  0  4  6 0 0 0 1 0 0 1 0 1 0 0 0 0 1
2016  8 17 20 31 26 174263  -11.249200  -75.269080    3273  17.0  0  3  7 21 0 0 0 1 1 0 1 0 0 1 1 1 0 1
2016  8 17 20 46 45 606637  -11.294800  -75.008940    4457  10.1  0  1  4  6 0 0 1 0 0 0 1 0 0 0 1 0 0 1
2016  8 17 21 21 38 793608  -11.852410  -75.168940    4316  19.2  0  2  5 10 0 0 1 1 1 0 1 1 0 0 0 0 0 0
2016  8 17 21 27 37 862565  -10.044860  -75.332370    6718   2.6  0  1  4  6 0 0 0 1 0 0 1 1 0 0 1 0 0 0
2016  8 17 21 27  7 511107  -10.405410  -75.411220    4651   1.8  0  2  4  6 0 0 1 1 0 0 1 1 0 0 0 0 0 0
2016  8 17 21 42 27 261996  -11.181020  -75.290380    3157   9.3  0 -1  6 14 0 0 1 0 1 0 1 0 1 0 1 0 0 1
2016  8 17 21 45  3 137930  -10.266140  -75.466380   14404  10.8  0 -1  4  6 0 0 0 1 0 0 1 1 0 0 0 0 0 1
2016  8 17 21  0  9 425139  -10.558700  -75.381770    3701  12.1  0  3  5 10 0 0 1 0 1 0 1 0 0 0 1 0 0 1
2016  8 17 22 27 49 789217  -11.663330  -76.902730   17603  13.2  0 -1  4  6 0 0 0 0 0 0 1 1 1 0 1 0 0 0
2016  8 17 22  6 22 547396  -11.143550  -75.273590    3963   2.0  0 -2  4  6 0 0 1 0 0 0 1 0 0 0 1 0 0 1
2016  8 17  7 18  8 116697  -10.051010  -75.317280    4375  17.8  0  1  5 10 0 0 0 1 0 0 0 0 1 0 1 1 0 1
2016  8 17  7 27 59 551035  -10.085500  -75.490160    3885   9.1  0 -2  5  9 0 0 1 1 0 0 0 1 1 0 0 0 0 1
2016  8 17  7  8 47 432227  -10.076940  -75.473500    3220  19.4  0 -3  6 13 0 0 1 0 1 0 0 1 1 0 1 1 0 0
2016  8 17  8 18 17 439351  -11.018240  -75.767880    6823   3.0  0 -3  4  6 0 0 0 1 0 0 0 1 1 0 1 0 0 0
2016  8 18 10 37 28 138175  -11.943890  -76.075290   14342   6.1  0  2  4  6 0 0 0 0 0 0 1 1 1 0 1 0 0 0
2016  8 18 16 18 35 819048  -10.068360  -76.978150   11899   3.5  0 -3  4  6 0 0 0 1 1 0 1 1 0 0 0 0 0 0
2016  8 18 17 43 33 300551  -10.075900  -75.748260   19401   9.7  0  1  4  6 0 0 0 0 1 0 1 1 1 0 0 0 0 0
2016  8 18 17 47 35 478840  -10.392440  -75.242270    5253  11.3  0 -1  4  6 0 0 0 0 0 0 0 0 1 0 1 1 0 1
2016  8 18 17 51 23 408074  -10.075330  -75.317190    8170  13.3  0  3  4  6 0 0 0 1 0 0 1 1 0 0 1 0 0 0
2016  8 18 18 24 54 393239  -11.231220  -76.378680    5622  17.2  0  1  4  6 0 0 0 1 0 0 0 0 1 0 1 1 0 0
2016  8 18 19  1 27 942835  -10.048250  -75.657650    6764   0.8  0 -2  4  6 0 0 0 1 0 0 1 1 0 0 1 0 0 0
2016  8 18 19  1  8  88734  -10.101360  -75.401000    7586  10.0  0  0  4  6 0 0 0 1 0 0 1 1 0 0 1 0 0 0
2016  8 18 19  6 33 788728  -11.435660  -75.084470    6357   3.2  0  0  4  6 0 0 0 1 0 0 1 1 0 0 1 0 0 0
2016  8 18 21 22  8 893631  -10.203960  -75.089100    4493   7.7  0 -2  4  6 0 0 0 1 0 0 0 0 1 0 1 1 0 0
2016  8 18 21  3  6 583749  -10.460200  -75.997020    5336  14.3  0  0  4  6 0 0 0 0 0 0 1 0 1 0 1 1 0 0
2016  8 18  4 53 13 776665  -10.012890  -75.169630    3174  11.8  0  3  5 10 0 0 1 0 1 0 1 0 0 0 1 1 0 0
2016  8 18  4 55 24 285825  -10.007500  -75.251110    5030  15.7  0  3  5  8 0 0 1 0 1 0 1 1 0 0 1 0 0 0
2016  8 18  5 15  5 284618  -10.015670  -75.243800    4524  18.5  0  3  5 10 0 0 1 0 1 0 1 1 0 0 1 0 0 0
2016  8 18  5 19  0  63967  -10.078840  -75.183690    2957  16.9  0  2  6 15 0 0 1 0 1 0 1 0 0 0 1 1 0 1
2016  8 18  5 24 22 741050  -10.034490  -75.291770    3921  14.6  0  1  5 10 0 0 1 0 1 0 1 0 1 0 0 0 0 1
2016  8 18  5 25 12 211916  -10.077660  -75.307340    4985   9.7  0  2  5  7 0 0 1 0 0 0 1 1 1 0 1 0 0 0
2016  8 18  5 33  5 275549  -10.043230  -75.427860    3886  14.0  0  3  5  9 0 0 1 0 1 0 1 1 0 0 0 0 0 1
2016  8 18  5 36 36  13731  -10.008850  -75.413850    3454  12.0  0  0  6 14 0 0 1 0 0 0 1 1 1 0 1 0 0 1
2016  8 18  5 39 20 542141  -10.091910  -75.247060    4598  19.5  0  2  5 10 0 0 1 0 0 0 1 1 0 0 1 0 0 1
2016  8 18  5 39 28 130220  -10.057230  -75.350720    4256  15.2  0  1  5 10 0 0 1 0 1 0 1 1 0 0 1 0 0 0
2016  8 18  5 43 20 124225  -10.092050  -75.234150    3825  13.5  0  3  5 10 0 0 1 0 1 0 1 0 0 0 1 0 0 1
2016  8 18  5 50 22 111073  -10.180070  -75.263080    3897   6.4  0  2  5  7 0 0 1 0 1 0 1 0 1 0 0 0 0 1
2016  8 18  5 52 23 198952  -10.216040  -75.103830    4245  18.6  0  0  5  7 0 0 1 0 0 0 1 0 1 0 1 1 0 0
2016  8 18  5 59 26 666452  -10.146790  -75.218710    3277   2.2  0  1  5 10 0 0 1 0 1 0 1 0 0 0 1 0 0 1
2016  8 18  6 11 32 819687  -10.230280  -75.276230   10128   8.7  0  1  5  7 0 0 1 1 1 0 0 0 0 0 1 0 0 1
2016  8 18  6 12  7 712536  -10.215340  -75.210310    3474   7.9  0  1  5 10 0 0 1 0 1 0 1 0 0 0 1 0 0 1
2016  8 18  6 16 49 948870  -10.122380  -75.302020    6878   9.3  0  3  5  9 0 0 0 0 1 0 1 0 1 0 1 0 0 1
2016  8 18  6 20 25 715995  -10.146530  -75.286450    4551  17.8  0  2  5 10 0 0 1 0 1 0 1 0 1 0 1 0 0 0
2016  8 18  6 23 50 534033  -10.243990  -75.170850    4913  10.1  0 -1  5  7 0 0 1 0 0 0 1 0 1 0 1 0 0 1
2016  8 18  6 27 46 231349  -10.228980  -75.179610    4720   2.4  0  1  4  6 0 0 1 0 0 0 1 1 0 0 1 0 0 0
2016  8 18  6 27 46 444749  -10.215820  -75.190440    3447  11.5  0  0  6 14 0 0 1 0 1 0 1 1 1 0 1 0 0 0
2016  8 18  6  4 30 917994  -10.264770  -75.166450    5338   6.4  0  1  5 10 0 0 1 1 1 0 0 0 0 0 1 0 0 1
2016  8 19 11 46 56 662462  -11.057060  -75.820530   10685  16.2  0  0  4  6 0 0 0 0 0 0 0 1 1 0 1 0 0 1
2016  8 19 11 52 49 598494  -10.621290  -75.187090   16673  17.2  0  0  4  6 0 0 0 1 0 0 0 1 1 0 0 0 0 1
2016  8 19 16  7 43  13916  -11.368780  -75.554200   11891   1.1  0 -1  4  6 0 0 0 1 0 0 0 1 1 0 0 0 0 1
2016  8 19 17 26 57 203475  -10.398210  -75.211840    8233  11.8  0 -1  4  6 0 0 1 1 0 0 0 0 0 0 1 0 0 1
2016  8 19 17 32 35 280389  -10.437530  -76.310860    9346  11.3  0 -1  5  9 0 0 0 1 1 0 0 0 1 1 0 0 0 1
2016  8 19 17 48  6 568367  -11.101470  -76.581920    5494  12.8  0  1  4  6 0 0 1 1 0 0 0 1 1 0 0 0 0 0
2016  8 19 18 21 26 217313  -11.825480  -75.830120    5064  19.1  0  3  5 10 0 0 0 1 1 0 0 0 0 0 1 1 0 1
2016  8 19 18 24 19  99403  -10.557640  -75.155800    4662  18.4  0  0  5  9 0 0 1 1 0 0 0 1 0 1 1 0 0 0
2016  8 19 18 25 43 295858  -10.028860  -76.001760    6359  19.8  0 -1  4  6 0 0 1 1 0 0 0 1 1 0 0 0 0 0
2016  8 19 18 27 31 355335  -10.525900  -75.152000    4150  13.6  0  0  5 10 0 0 1 1 0 0 0 1 0 0 1 0 0 1
2016  8 19 18 28 58 511429  -11.565160  -76.222130   12956   5.6  0  0  4  6 0 0 0 1 0 0 0 1 1 0 0 0 0 1
2016  8 19 18 36 51 796055  -10.432590  -75.301670    5994  15.7  0  0  4  6 0 0 1 1 0 0 0 1 0 0 1 0 0 0
2016  8 19 18 39 18  37225  -10.519720  -75.110370    3074  18.2  0 -1  6 15 0 0 1 0 1 0 0 0 1 0 1 1 0 1
2016  8 19 18 39 49 288368  -11.122490  -76.045840    4393  19.7  0  3  5 10 0 0 1 0 0 0 0 1 1 0 1 0 0 1
2016  8 19 18 46 39 630059  -10.388170  -75.634230    6799   4.4  0 -3  4  6 0 0 0 1 0 0 0 1 1 0 1 0 0 0
2016  8 19 18 47 17 675719  -11.139900  -75.963720    5435  12.3  0  2  4  6 0 0 1 1 0 0 0 1 0 0 1 0 0 0
2016  8 19 18 47 17 828130  -10.498720  -75.206430    3280  16.4  0 -1  7 20 0 0 0 0 1 0 0 1 1 1 1 1 0 1
2016  8 19 18 48 15 264276  -10.328770  -75.078220    3522   4.6  0  0  5 10 0 0 1 1 0 0 0 1 0 0 1 0 0 1
2016  8 19 18 54  7 531658  -11.725420  -75.411820    2710  17.9  0  3  7 20 0 0 1 1 0 0 0 1 1 0 1 1 0 1
2016  8 19 18 55 32 913020  -10.500030  -75.457470    4141  14.0  0 -3  5 10 0 0 1 1 0 0 0 1 0 0 1 0 0 1
2016  8 19 18 55 33  80236  -10.510350  -75.441330    2618  14.1  0 -3  7 21 0 0 1 1 1 0 0 1 0 0 1 1 0 1
2016  8 19 18 57 22 952614  -10.298600  -75.541630    5903  19.1  0 -3  4  6 0 0 1 1 0 0 0 0 1 0 1 0 0 0
2016  8 19 18 57 56 234220  -11.793620  -75.409330    3125  15.2  0  3  7 20 0 0 1 0 1 0 0 1 1 1 1 0 0 1
2016  8 19 18 57 56 687394  -11.818270  -75.494490    4460  14.4  0  0  5 10 0 0 0 1 1 0 0 0 0 0 1 1 0 1
2016  8 19 18 58 44 461408  -10.572060  -75.206770    3828  10.3  0 -3  5 10 0 0 1 1 0 0 0 1 0 0 1 0 0 1
2016  8 19 18 58 59 480857  -10.428520  -75.523500    6249   2.3  0  3  4  6 0 0 0 1 0 0 0 0 1 0 1 0 0 1
2016  8 19 18 59 10 291593  -10.459350  -75.570700    2866  11.8  0 -3  7 21 0 0 0 1 1 0 0 1 0 1 1 1 0 1
2016  8 19 18 59 10 362061  -10.511570  -75.266150    4732   8.7  0  1  4  6 0 0 1 1 1 0 0 1 0 0 0 0 0 0
2016  8 19 18 59 10 477683  -10.406210  -75.450460    3784  11.5  0 -1  5 10 0 0 1 1 0 0 0 0 1 0 1 0 0 1
2016  8 19 18 59  9 645552  -10.011040  -76.985400    7148   5.8  0  1  4  6 0 0 0 1 0 0 0 1 1 0 1 0 0 0
2016  8 19 18  4 21  38550  -11.677240  -76.559530   12572   2.9  0 -3  4  6 0 0 0 1 0 0 0 1 1 0 0 0 0 1
2016  8 19 19 33 55 450605  -10.926200  -75.900440    2623  12.2  0  3  7 20 0 0 1 1 1 0 0 0 1 0 1 1 0 1
2016  8 19 19 38 55 215592  -11.028200  -75.261620    5180  13.0  0 -1  4  6 0 0 1 1 0 0 0 0 1 0 1 0 0 0
2016  8 19 19  0 47 409892  -10.605280  -75.793360    8019  12.7  0 -2  4  6 0 0 0 1 0 0 0 1 1 0 1 0 0 0
2016  8 19 19  1 23 127214  -10.409690  -75.320780    3616   9.8  0 -2  5 10 0 0 1 1 1 0 0 0 1 0 0 0 0 1
2016  8 19 19  1 23 263605  -10.427580  -75.275280    3445   4.5  0 -1  5 10 0 0 1 0 1 0 0 0 1 0 1 0 0 1
2016  8 19 19  1 23 358474  -10.419210  -75.292180    3224   8.9  0 -3  6 14 0 0 1 0 1 0 0 0 1 1 1 0 0 1
2016  8 19 19  2 22 244748  -10.585990  -75.135170    3423   3.7  0 -3  5 10 0 0 1 1 1 0 0 1 0 0 0 0 0 1
2016  8 19 19  2 22 280860  -10.719400  -75.014780    7326   8.2  0 -3  4  6 0 0 1 1 0 0 0 0 0 0 1 0 0 1
2016  8 19 19  2 48 510521  -10.506070  -76.884300    5937  15.8  0  1  4  6 0 0 1 1 0 0 0 1 1 0 0 0 0 0
2016  8 19 19  3 31 264725  -10.926360  -76.076090    3345   9.3  0  0  6 14 0 0 1 1 1 0 0 1 1 0 1 0 0 0
2016  8 19 19  3 32 907681  -10.513500  -75.302220    5813  16.5  0 -1  4  6 0 0 1 1 0 0 0 1 0 0 0 0 0 1
2016  8 19 19  3 33 143702  -10.498070  -75.140420    3258  16.2  0 -1  7 21 0 0 0 0 1 0 0 1 1 1 1 1 0 1
2016  8 19 19  3 33 309674  -10.540400  -75.306140    3174  16.2  0 -1  7 21 0 0 0 1 1 0 0 1 0 1 1 1 0 1
2016  8 19 19  3 33  76208  -10.362810  -75.779480    7088   6.8  0 -3  4  6 0 0 0 1 0 0 0 1 1 0 1 0 0 0
2016  8 19 19  3 55 907863  -10.109190  -76.697460    8007  11.6  0  1  4  6 0 0 0 1 0 0 0 1 1 0 1 0 0 0
2016  8 19 19  3  1  77780  -10.532000  -75.265290    3444  16.5  0 -3  6 15 0 0 0 1 1 0 0 1 0 0 1 1 0 1
2016  8 19 19  5 59 266975  -10.276720  -75.656760    5519  13.4  0  1  4  6 0 0 1 1 0 0 0 1 1 0 0 0 0 0
2016  8 19 19  8 30 978814  -10.387950  -75.407230    5312  11.7  0  0  4  6 0 0 1 1 0 0 0 1 1 0 0 0 0 0
2016  8 19 19  8 31  31909  -10.547670  -75.162410    3875  12.3  0 -1  5 10 0 0 1 1 1 0 0 1 0 0 0 0 0 1
2016  8 19 19  8 31  86503  -10.517850  -75.195010    2883   8.0  0 -2  5 10 0 0 1 0 1 0 0 1 0 0 0 1 0 1
2016  8 19 19  9 57 929600  -10.480870  -75.216710    3784  11.9  0 -1  5 10 0 0 1 0 1 0 0 0 1 0 1 0 0 1
2016  8 19 20 15 49 263026  -11.161370  -75.609980    9180  15.3  0  2  4  6 0 0 1 1 0 0 0 0 0 0 1 0 0 1
2016  8 19 20 18 17 879807  -11.328460  -75.399210    3411  18.5  0 -1  5 10 0 0 1 0 1 0 0 0 0 0 1 1 0 1
2016  8 19 20 20 58 829678  -10.042990  -75.128480    2766  17.7  0 -3  7 21 0 0 1 0 1 0 0 0 1 1 1 1 0 1
2016  8 19 20 41 59 104479  -11.093450  -75.370580    3331  12.0  0  2  5  9 0 0 1 0 1 0 0 0 1 1 0 1 0 0
2016  8 19 20  2  7 579592  -10.466830  -75.002490    6989   9.4  0 -3  5  7 0 0 0 1 1 0 0 0 1 0 1 0 0 1
2016  8 19 21 13 33  56089  -10.654560  -75.902240    5649  11.0  0  0  4  6 0 0 1 0 0 0 0 1 1 0 1 0 0 0
2016  8 19 21 19 42 334143  -10.713360  -75.694010    3214   0.9  0  0  4  6 0 0 1 1 0 0 0 0 0 0 1 1 0 0
2016  8 19 21 24 49 320075  -10.733810  -75.850670    3102  15.4  0  3  7 21 0 0 0 1 0 0 0 1 1 1 1 1 0 1
2016  8 19 21 45  7 681570  -11.038280  -75.113290    2788   5.8  0 -2  7 21 0 0 1 1 1 0 0 1 0 1 1 0 0 1
2016  8 19 22 17  3 988657  -11.023840  -75.038260    2675  15.0  0 -2  7 20 0 0 1 1 1 0 0 1 0 0 1 1 0 1
2016  8 19 22 21 26 260470  -10.485060  -75.623220    4613  18.7  0 -3  5  8 0 0 1 0 1 0 0 0 1 1 1 0 0 0
2016  8 19 22  3 33   4513  -10.948980  -75.354250    6142  12.5  0 -2  5  9 0 0 0 1 1 0 0 0 1 0 1 0 0 1
2016  8 19  2 13 41 952744  -11.477420  -75.185810    8290  19.5  0 -3  5  8 0 0 0 1 1 0 1 1 0 0 1 0 0 0
2016  8 19  2 27 44 480207  -11.493170  -75.199110    3941   2.7  0  0  4  6 0 0 1 0 0 0 1 0 0 0 1 0 0 1
2016  8 19  2 27 44 572531  -11.684100  -75.071120    7241   9.1  0 -1  4  6 0 0 1 1 0 0 0 0 0 0 1 0 0 1
2016  8 19  2 33 50 210404  -11.500110  -75.200810    3855   0.6  0  0  4  6 0 0 0 1 0 0 1 0 0 0 1 1 0 0
2016  8 19  3 22 40 380369  -11.656020  -75.116950    4900  12.8  0 -3  5  7 0 0 1 1 1 0 0 0 1 0 1 0 0 0
2016  8 19  3 25 50 698719  -11.336450  -75.492050    4771   6.2  0 -1  4  6 0 0 1 0 0 0 1 1 0 0 1 0 0 0
2016  8 19  3 59 37 274462  -11.348600  -75.454000    5043   5.8  0 -3  4  6 0 0 1 0 0 0 1 0 1 0 1 0 0 0
2016  8 19  6 19 20 695299  -10.652570  -76.430440    4420   4.4  0  2  4  6 0 0 1 0 0 0 0 0 1 0 1 0 0 1
2016  8 20 10 14  5  13670  -11.098960  -76.242600   12748   3.2  0 -3  4  6 0 0 0 1 1 0 0 1 0 1 0 0 0 0
2016  8 20 18 33 46 496801  -11.278960  -75.316220   16889  12.5  0  0  5  9 0 0 0 0 1 0 0 1 1 1 0 0 0 1
2016  8 20 18 37 13 544964  -11.390510  -76.139630    4513   9.8  0 -2  5  8 0 0 0 0 1 0 0 1 0 1 0 1 0 1
2016  8 20 18 44 27 377668  -10.259300  -75.706930    6121  15.0  0  0  4  6 0 0 1 0 0 0 0 1 1 0 1 0 0 0
2016  8 20 20 45 44 656889  -10.809310  -75.886440    4032  12.6  0  0  5  9 0 0 1 0 1 0 0 0 1 1 0 0 0 1
2016  8 20  0 13 51  45423  -10.048270  -75.411500    5133  12.0  0  0  4  6 0 0 1 0 0 0 0 1 0 0 1 0 0 1
2016  8 20  0 15 19  24839  -10.014110  -75.291640    3103  18.8  0  1  6 14 0 0 1 0 1 0 0 0 1 1 0 1 0 1
2016  8 20  0 41 36 280595  -10.076900  -75.489590    3340   4.0  0 -3  5 10 0 0 0 0 1 0 0 1 0 0 1 1 0 1
2016  8 20  4 20 32 559963  -10.172900  -75.471120    3266   4.6  0  0  5  7 0 0 1 1 0 0 0 0 0 0 1 1 0 1
2016  8 20  4 20 32 571978  -10.189060  -75.461060    2698   8.4  0 -3  6 15 0 0 1 1 1 0 0 0 0 0 1 1 0 1
2016  8 20  4 20 32 606674  -10.155220  -75.501290    2894   5.0  0 -2  5  9 0 0 1 1 0 0 0 0 0 1 1 1 0 0
2016  8 20  4 20 32 695013  -10.156350  -75.471380    3218   6.0  0 -2  5  8 0 0 1 1 0 0 0 0 0 0 1 1 0 1
2016  8 20  4 20 32 756269  -10.079220  -75.502210    4010   9.2  0 -3  5  8 0 0 1 0 1 0 0 0 1 1 1 0 0 0
2016  8 20  4 46 44 531963  -10.006420  -75.194640    2678  10.1  0  1  6 14 0 0 1 1 1 0 0 1 0 0 0 1 0 1
2016  8 20  4 50 13 227135  -10.050970  -75.199670    3181  10.6  0  2  5  9 0 0 1 1 0 0 0 0 0 0 1 1 0 1
2016  8 20  4 55 32 707832  -10.006280  -75.113010    3412  15.7  0  0  6 15 0 0 1 0 1 0 0 1 1 0 1 0 0 1
2016  8 20  4 56 18  28040  -10.064910  -75.085400    4648  11.2  0  3  5  8 0 0 1 1 1 0 0 1 0 0 1 0 0 0
2016  8 20  4 59 43 977901  -10.171530  -75.021240    5720  10.0  0 -3  5 10 0 0 1 1 1 0 0 0 0 1 1 0 0 0
2016  8 20  5 10 22 147893  -10.069610  -75.117280    3365   7.3  0  0  5  8 0 0 1 1 0 0 0 0 1 0 1 1 0 0
2016  8 20  5 10 22 231308  -10.025890  -75.198070    3014  13.3  0  2  7 21 0 0 1 1 1 0 0 0 1 1 1 0 0 1
2016  8 20  5 11 42  32731  -10.036260  -75.061450    3511  16.8  0  2  5 10 0 0 1 0 0 0 0 1 1 0 1 1 0 0
2016  8 20  5 19 26 377491  -10.142750  -75.059590    3760   4.2  0  2  5  9 0 0 1 1 0 0 0 1 1 0 1 0 0 0
2016  8 20  5 20 55 804245  -10.217840  -75.270290    4463   6.2  0  3  4  6 0 0 0 1 0 0 0 0 0 1 1 1 0 0
2016  8 20  5 21 24 499423  -10.059660  -75.131280    3242  18.6  0  3  7 21 0 0 1 1 1 0 0 1 1 0 1 0 0 1
2016  8 20  5 22 13 642087  -10.117150  -75.294620    2893   4.7  0  3  5  9 0 0 1 1 0 0 0 0 0 1 1 1 0 0
2016  8 20  5 23 43  47647  -10.014220  -75.096770    3880   4.3  0  0  5  8 0 0 1 1 0 0 0 0 1 1 1 0 0 0
2016  8 20  5 26 59 282694  -10.038760  -75.161400    4688  15.0  0  1  5  8 0 0 1 1 0 0 0 1 1 0 0 0 0 1
2016  8 20  5 27 45 957382  -10.095490  -75.046090    4044  13.5  0  1  5  9 0 0 1 0 1 0 0 1 1 0 0 0 0 1
2016  8 20  5 28 19 291048  -10.144500  -75.081950    5060   6.9  0  3  5  7 0 0 1 1 0 0 0 1 0 0 1 0 0 1
2016  8 20  5 31 34 508913  -10.092330  -75.155820    6878  18.4  0 -3  5 10 0 0 0 1 1 0 0 0 1 0 1 0 0 1
2016  8 20  5 31 34 733370  -10.181340  -75.109050    3225   2.7  0 -3  4  6 0 0 1 1 0 0 0 0 0 0 1 1 0 0
2016  8 20  5 35 44 226140  -10.251370  -75.193450    2717  18.5  0  2  7 20 0 0 1 1 1 0 0 1 1 0 0 1 0 1
2016  8 20  5 36 20 719484  -10.061490  -75.094480    3217  16.2  0  0  7 21 0 0 0 1 1 0 0 0 1 1 1 1 0 1
2016  8 20  5 37 35 502450  -10.122740  -75.088870    3517   5.6  0  1  5 10 0 0 1 1 1 0 0 0 1 0 1 0 0 0
2016  8 20  5  2 55 667269  -10.124910  -75.011620    2791   4.2  0  1  7 21 0 0 1 1 1 0 0 1 0 1 1 0 0 1
2016  8 20  5  4 20 418503  -10.078400  -75.068800    2580   6.9  0  1  6 15 0 0 1 1 1 0 0 1 0 0 0 1 0 1
2016  8 20  5  5 40 828720  -10.031380  -75.125750    3292  19.5  0  1  7 21 0 0 1 1 1 0 0 1 1 0 1 0 0 1
2016  8 20  5  6 13 397428  -10.056600  -75.175690    4511   3.1  0  3  4  6 0 0 1 1 0 0 0 1 0 0 1 0 0 0
2016  8 20  5  6 55 304190  -10.124680  -75.175140    4162   8.8  0  3  5  9 0 0 1 1 0 0 0 1 0 0 1 0 0 1
2016  8 20  5  8 22 100913  -10.153750  -75.122980    3457  15.1  0  0  5  9 0 0 1 1 1 0 0 0 0 0 1 1 0 0
2016  8 20  5  9  3 869892  -10.094150  -75.053540    2601  12.3  0  1  7 21 0 0 1 1 1 0 0 0 0 1 1 1 0 1
2016  8 20  6 16 30 737363  -10.297000  -75.106820    6651  19.9  0 -2  5 10 0 0 0 1 0 0 0 1 1 0 1 0 0 1
2016  8 20  6 17 24 556350  -10.423130  -75.045880    3593  19.1  0  2  5 10 0 0 1 0 0 0 0 1 1 0 1 1 0 0
2016  8 20  6 35 10 849855  -10.375860  -75.073170    6502  10.0  0 -3  5 10 0 0 1 1 1 0 0 0 0 1 0 0 0 1
2016  8 20  6 42  6 171720  -10.473500  -75.017650    2814  10.2  0 -3  7 21 0 0 0 1 1 0 0 1 0 1 1 1 0 1
2016  8 20  6 42  6 198592  -10.467810  -75.013510    2786   8.9  0 -3  7 21 0 0 0 1 1 0 0 1 0 1 1 1 0 1
2016  8 20  7 25 59 446652  -10.008580  -75.258740    4943   8.1  0  2  4  6 0 0 1 1 0 0 0 1 1 0 0 0 0 0
2016  8 20  7 35 34 987711  -11.070340  -75.613750    4088  17.3  0  0  5 10 0 0 1 0 1 0 0 0 1 1 0 0 0 1
2016  8 20  8 24  9 317752  -10.167600  -76.710740   14489  15.2  0  3  4  6 0 0 0 1 1 0 0 1 1 0 0 0 0 0
2016  8 21 17 21 34 500270  -11.260870  -75.273700    2807  13.1  0 -2  6 15 0 0 1 0 0 0 0 1 0 1 1 1 0 1
2016  8 21 20 27 32 307261  -10.033550  -75.286330    5332  16.4  0  2  4  6 0 0 1 0 0 0 0 0 1 0 1 0 0 1
2016  8 21 20 28 35 969321  -10.465250  -75.172800    3860  10.3  0  1  5  9 0 0 1 0 1 0 0 0 1 0 1 0 0 1
2016  8 21 20 35 58 400812  -10.047680  -75.243970    2683   7.7  0 -2  6 15 0 0 1 0 1 0 0 0 0 1 1 1 0 1
2016  8 21 20 50 11 303609  -10.482150  -75.149210    3267   5.9  0  1  4  6 0 0 1 0 0 0 0 1 0 0 0 1 0 1
2016  8 21 20 55 26 417252  -10.725420  -75.472140   11197  18.2  0  0  4  6 0 0 0 0 0 0 0 1 1 0 1 0 0 1
2016  8 21 20 56 19 458473  -10.399270  -75.406620    4863   9.9  0  1  4  6 0 0 1 0 0 0 0 1 0 0 1 0 0 1
2016  8 21 21 10 40 868149  -10.426250  -75.413410    4301  16.6  0  1  5 10 0 0 1 0 1 0 0 1 0 0 1 0 0 1
2016  8 21 21 11 45  45131  -10.809670  -75.083070    3954  13.1  0 -1  5 10 0 0 1 0 1 0 0 1 0 0 1 0 0 1
2016  8 21 21 13 23 963156  -10.314970  -75.355150    3399   1.9  0 -3  5 10 0 0 1 0 1 0 0 0 1 0 1 0 0 1
2016  8 21 21 20  8 359130  -10.457570  -75.157440    5729  16.8  0 -1  4  6 0 0 1 0 0 0 0 1 0 0 1 0 0 1
2016  8 21 21 28 54 486566  -10.331390  -75.430560    5489  16.6  0  1  4  6 0 0 1 0 1 0 0 1 1 0 0 0 0 0
2016  8 21 21 30 12 308216  -10.829490  -75.206850    5549  15.6  0  0  4  6 0 0 1 0 0 0 0 1 0 1 1 0 0 0
2016  8 21 21 39 40 210825  -10.762330  -75.145420    4447   1.0  0  0  4  6 0 0 1 0 1 0 0 1 1 0 0 0 0 0
2016  8 21 21 45 58   4317  -10.759860  -75.398490    4758  16.0  0  0  5  8 0 0 1 0 1 0 0 0 1 0 1 0 0 1
2016  8 21 21  3 42 230332  -10.001720  -75.722220    3792  11.2  0  1  5 10 0 0 1 0 1 0 0 0 1 0 1 0 0 1
2016  8 21 21  8 30 462518  -10.431030  -75.405850    4888  10.2  0  2  4  6 0 0 1 0 0 0 0 1 0 0 1 0 0 1
2016  8 21 21  9 54  49919  -10.189030  -75.525230    4880  14.5  0  2  5  7 0 0 1 0 1 0 0 1 1 0 1 0 0 0
2016  8 21 22 43 28 332220  -11.176300  -75.202510    3411  17.0  0 -3  5 10 0 0 1 0 1 0 0 0 0 0 1 1 0 1
2016  8 21 22 43 28 374624  -11.348400  -75.077380    4857  19.2  0 -3  5  8 0 0 1 0 1 0 0 0 1 0 1 0 0 1
2016  8 21 22  4 14 901751  -10.812170  -75.308610    4693  19.8  0 -2  5  8 0 0 1 0 1 0 0 1 1 0 0 0 0 1
2016  8 21 22  4 55 832612  -10.720060  -75.299620    5136  12.5  0 -3  4  6 0 0 1 0 0 0 0 1 0 0 1 0 0 1
2016  8 21 22  6  6  56175  -10.847460  -75.289690    4294   3.5  0  0  4  6 0 0 1 0 0 0 0 0 1 1 0 0 0 1
2016  8 22 22 24 37 858014  -10.998950  -75.897960    5119  12.3  0 -1  5 10 0 0 0 0 1 0 0 0 1 1 0 1 0 1
2016  8 26 20 37 34 194942  -11.662940  -76.195620    3709   7.9  0  0  6 15 0 0 0 0 1 0 1 0 1 1 0 1 0 1
2016  8 26 22 22  2 237191  -10.010240  -76.875370    3436   5.5  0  2  4  6 0 0 1 0 0 0 1 0 0 0 0 1 0 1
2016  8 26 22 39 14  54632  -11.616490  -76.356720    4210   1.6  0 -2  4  6 0 0 1 0 1 0 1 1 0 0 0 0 0 0
2016  8 26 22 39 52 145133  -11.882640  -75.852870    4929  13.8  0 -1  4  6 0 0 1 0 0 0 1 1 0 0 0 0 0 1
2016  8 26 22 44 12 207393  -11.969350  -75.755620    3128  11.5  0 -3  5  9 0 0 1 0 0 0 1 1 0 0 0 1 0 1
2016  8 27 11 38 32 955516  -10.924940  -76.384030   18802   1.2  0 -2  4  6 0 0 0 0 0 0 1 1 1 0 0 0 0 1
2016  8 27 21 46 59 778389  -11.936340  -75.656640    4293   6.6  0  1  4  6 0 0 1 0 0 0 1 1 0 0 0 0 0 1
2016  8 27 21 58 24  49997  -11.887780  -75.771140    3577   1.1  0  2  5 10 0 0 0 0 1 0 1 1 0 0 0 1 0 1
2016  8 27 21 59 18 294199  -11.835980  -75.506330    2958  16.0  0  1  6 15 0 0 1 0 0 0 1 1 1 0 0 1 0 1
2016  8 27 21 59 18 306222  -11.772920  -75.614760    4343   2.4  0  1  4  6 0 0 1 0 0 0 1 0 1 0 0 0 0 1
2016  8 27 22 13 36 492236  -11.325790  -75.365420    4974  14.2  0  0  4  6 0 0 1 0 0 0 1 1 0 0 0 0 0 1
2016  8 27 22 16 31 986825  -11.959060  -75.629820    5464  19.9  0  0  4  6 0 0 1 0 0 0 1 0 1 0 0 0 0 1
2016  8 27 22 33 16 551686  -11.315700  -75.778430    3583   6.7  0 -1  4  6 0 0 1 0 0 0 0 0 1 0 0 1 0 1
2016  8 27 22 34 13 269732  -11.308020  -76.006100    6005  14.1  0  0  4  6 0 0 0 0 0 0 0 1 1 0 0 1 0 1
2016  8 27 22 36 18 496715  -11.227400  -76.152470    2997   7.2  0  1  5 10 0 0 1 0 1 0 0 1 1 0 0 1 0 0
2016  8 27 22  5  2 725241  -11.538450  -75.702310    4976  14.3  0 -2  4  6 0 0 1 0 0 0 1 1 0 0 0 0 0 1
2016  8 27 22  5  2 753325  -11.516840  -75.684380    4581   9.9  0  0  4  6 0 0 1 0 0 0 1 1 0 0 0 0 0 1
2016  8 27 22  5  2 845621  -11.524090  -75.696550    4712  11.4  0  0  4  6 0 0 1 0 0 0 1 1 0 0 0 0 0 1
2016  8 27 22  6  0  36507  -11.995430  -75.572460    2992  17.2  0 -1  6 15 0 0 1 0 0 0 1 1 1 0 0 1 0 1
2016  8 27 22  9 18  65943  -11.840830  -75.425160    3432   7.2  0 -2  4  6 0 0 1 0 0 0 1 0 0 0 0 1 0 1
2016  8 27 23 26 47 994438  -11.166200  -76.081440    3794   7.0  0 -1  4  6 0 0 1 0 0 0 0 1 1 0 0 1 0 0
2016  8 27 23 27 54 130559  -11.267970  -75.703240    3211   3.5  0 -2  4  6 0 0 1 0 0 0 0 1 0 0 0 1 0 1
2016  8 27 23 28 32  38929  -11.048620  -76.203230    3265  12.8  0  3  5  7 0 0 1 0 0 0 0 1 1 0 0 1 0 1
2016  8 27 23 43 56 639815  -11.349790  -75.539220    3497   4.5  0 -2  4  6 0 0 1 0 0 0 0 0 1 0 0 1 0 1
2016  8 27 23 53 16 717227  -11.232280  -75.776450    4846   9.1  0  0  4  6 0 0 1 0 0 0 0 1 1 0 0 0 0 1
2016  8 27 23  0  2  23229  -11.201190  -75.984090    3273   5.2  0  3  4  6 0 0 1 0 0 0 0 1 0 0 0 1 0 1
2016  8 27 23  5  0 469299  -11.382650  -75.687950    4987  12.0  0 -2  4  6 0 0 1 0 0 0 0 1 1 0 0 0 0 1
2016  8 28 18  3 51 462903  -10.826500  -76.771320    3282   2.9  0  3  4  6 0 0 1 0 0 0 0 0 0 1 0 1 0 1
2016  8 28  0 25 39 121940  -10.934470  -76.133480    2908   8.0  0 -3  5 10 0 0 1 0 0 0 0 1 0 1 0 1 0 1
2016  8 28  0 29  5  59762  -10.995820  -75.970760    3455  16.4  0 -2  5  9 0 0 1 0 0 0 0 1 1 0 0 1 0 1
2016  8 28  0 40 35 836523  -10.906660  -76.099620    2990   3.0  0  0  5  8 0 0 1 0 1 0 0 1 0 0 0 1 0 1
2016  8 28  0 41 24 527027  -10.925640  -76.074110    2759  12.6  0  0  6 15 0 0 1 0 1 0 0 1 0 1 0 1 0 1
2016  8 28  0  1 13 376714  -11.210310  -75.842540    5522  16.6  0  0  4  6 0 0 1 0 0 0 0 1 1 0 0 0 0 1
2016  8 28  0  4 10 765328  -11.267980  -75.639600    4593   5.7  0 -2  4  6 0 0 1 0 0 0 0 1 1 0 0 0 0 1
2016  8 28  0  5 58 235682  -11.021810  -76.247740    3742   8.8  0 -2  4  6 0 0 1 0 1 0 0 0 1 0 0 1 0 0
2016  8 28  0  7 28 167041  -11.050260  -76.077710    2734  17.6  0 -3  7 21 0 0 1 0 1 0 0 1 1 1 0 1 0 1
2016  8 28  0  7 28 194945  -11.045350  -76.097270    3438  18.9  0  0  5 10 0 0 1 0 0 0 0 1 1 0 0 1 0 1
2016  8 28  7  3 45 816999  -10.700870  -75.256800    3280   6.0  0  0  4  6 0 0 1 0 0 0 0 1 0 0 0 1 0 1
2016  8 29 21 11 10 889362  -10.848900  -76.035770    3694   7.1  0 -2  5  9 0 0 1 0 1 0 0 1 1 0 0 0 0 1
2016  8 29 21 56 25 332699  -10.503230  -76.750490    3370  15.4  0  2  5 10 0 0 1 0 1 0 0 0 1 1 0 1 0 0
2016  8 29 22 23 42 316971  -10.817120  -76.372930    3570  18.6  0  1  6 15 0 0 1 0 1 0 0 1 1 1 0 0 0 1
2016  8 29 22 40 19 546884  -10.875730  -76.420390    4593   7.6  0  3  4  6 0 0 1 0 1 0 0 0 1 1 0 0 0 0
2016  8 30 11 54 11 128335  -10.472170  -75.180400    2990   6.4  0 -3  5  9 0 0 1 0 1 0 0 0 1 0 0 1 0 1
2016  8 30 16  3 43 206483  -10.292610  -75.021140    3800  11.4  0 -2  4  6 0 0 1 0 0 0 0 0 1 0 0 1 0 1
2016  8 30 17 28  4 254071  -10.435000  -75.647370    4157  16.0  0 -3  4  6 0 0 1 0 0 0 0 0 1 0 0 1 0 1
2016  8 30 20 30 16 107155  -10.447160  -75.851040    3508   0.8  0  3  4  6 0 0 1 0 0 0 0 0 1 1 0 1 0 0
2016  8 30 22 47 50 510314  -11.452110  -75.790640    4112  18.3  0  1  4  6 0 0 1 0 0 0 0 0 0 1 0 1 0 1
2016  8 30 23 15 50 830312  -10.834730  -76.211360    4181  15.7  0  0  4  6 0 0 1 0 0 0 0 0 1 0 0 1 0 1
2016  8 30 23 54 11 826733  -10.962010  -76.219410    2882  13.6  0 -2  6 15 0 0 1 0 1 0 0 0 1 1 0 1 0 1
2016  8 31 20 39 41  26061  -11.274520  -75.806820    3817  14.3  0 -3  4  6 0 0 1 0 0 0 0 1 0 0 0 1 0 1
2016  8 31 20 40  3 162902  -10.044240  -76.790700    3075  12.3  0 -2  5 10 0 0 1 0 1 0 0 1 0 0 0 1 0 1
2016  8 31 20 53 35 152374  -11.036000  -76.303510    2957   9.7  0 -1  5 10 0 0 1 0 1 0 0 1 0 0 0 1 0 1
2016  8 31 20 57 34 575815  -10.120490  -76.506180    2958   9.1  0 -2  5 10 0 0 1 0 1 0 0 1 0 0 0 1 0 1
2016  8 31 21 17 30 976954  -10.628740  -76.144660    3111  19.6  0  0  6 15 0 0 1 0 1 0 0 1 1 1 0 1 0 0
2016  8 31 21 19  4 956581  -10.287460  -76.428210    4192  18.3  0  3  4  6 0 0 1 0 1 0 0 1 0 0 0 1 0 0
2016  8 31 21  0 43 153434  -11.282770  -75.903370    3853  14.8  0  0  4  6 0 0 1 0 0 0 0 1 0 0 0 1 0 1
2016  8 31 22 59 31 622918  -11.163280  -76.032530    2876   6.6  0 -1  5 10 0 0 1 0 1 0 0 0 0 1 0 1 0 1
2016  8 31  0 20 16 874964  -10.663010  -76.309940    3101   7.0  0 -1  5  8 0 0 1 0 1 0 0 0 1 0 0 1 0 1
